Título,Conteúdo_Comentário,Data_Comentário,Status_resposta,Identificação,Tópicos_dominantes,URL_Título
Conta Hackeada não ha contato de emergencia,"Recentemente me mudei pra Europa e nos ultimos dois dias recebi emails de alteração de cambio da minha conta. O que eu achei super estranho.

Tentei acessar a conta e ela esta bloqueada para acesso. E Logicamente não consigo recuprar pois meu celular não é mais o mesmo.

Tentei encontrar um contato de emergencia e só atendem durante a semana . Mas fazem operações a 1:00am sem autorização?

Muito estranho.

Quero uma imediata resolução!

O celular abaixo não será atendido. Por gentileza entrar em contato por email.

em anexo um dos emails recebidos.",01/04/2023 às 06:08,Não respondida,ID: 162098717,conta,https://www.reclameaqui.com.br/avenue-securities/conta-hackeada-nao-ha-contato-de-emergencia_R3s7nn1NHlCRUvBw/
Erro de retirada,"Estou com problema na retirada do meu dinheiro junto a avenue, anteriormente eu tinha solicitado o encerramento da conta, na mesma semana pedi para reativar e fiz um depósito mas na hora de fazer o câmbio a opção fica apagada no aplicativo e quando solicito a retirada aparece essa mensagem erro.cannotmovemoney",31/03/2023 às 12:51,Não respondida,ID: 162060491,conta,https://www.reclameaqui.com.br/avenue-securities/erro-de-retirada_XNtMdRqIPiYcND4S/
Cobrança indevida de corretagem,"Meu plano é com três corretagens grátis no mês, e fui surpreendido com a cobrança de corretagem de USD 2.50 na minha primeira operação no mês, ordem *******1.

Sendo assim, peço a gentileza de proceder com o devido estorno.

Ademais, o atendimento pelo chat é inviável, não há como falar com atendente.",31/03/2023 às 11:07,Respondida,ID: 162052215,cobrança,https://www.reclameaqui.com.br/avenue-securities/cobranca-indevida-de-corretagem_iywp76Pupg37ZYnN/
Cobrança indevida de corretagem,"Realizei 2 operações na data de hoje e fui cobrado em 2,5 dólares em cada ordem, em contato com o atendimento fui informado que devido a uma inconsistência meu benefício não foi incluído automaticamente, gerando a cobrança indevida.

Solicito o estorno imediato com as devidas correções monetárias e a atualização com a disponibilização do meu beneficio de 3 ordens gratuitas.",01/03/2023 às 14:19,Respondida,ID: 160183169,cobrança,https://www.reclameaqui.com.br/avenue-securities/cobranca-indevida-de-corretagem_iywp76Pupg37ZYnN/
Transferência de Corretora,"Dia 23/03/23 iniciei a transferência da minha conta para a Interactive Broker, fiz isso principalmente por não conseguir negociar uma taxa de corretagem melhor. Deixei o saldo de 75 dólares (abusivo) na conta, porém para a minha surpresa, foram vendidas posições minhas sem a minha autorização no dia 28/03/23 as 04:19 no total de USD 1.664,03. Indaguei o chat imediatamente, e me foi respondido por e-mail no dia 29/03 pelo Alexandre Tognini. A resposta foi: ""Dando sequência a nossa conversa via chat, informo que os ativos de sua conta estão sendo transferidos para a custódia de outra corretora conforme solicitado por você."". Sendo que no chat, o meu questionamento foi: ""Olhando meu Extrato na conta de investimento, vejo que ocorreram várias vendas que eu não fiz, poderia ver o que isso significa?
Todas ontem (28/03) as 04:19.
Descrição: Venda de a $"".
Ou seja, o tal Alexandre deu a entender que se tratava do processo de transferência, e ainda complementou o e-mail informando que: ""O prazo de uma transferência custódia é de 10 dias úteis."".
Para a minha surpresa, hoje (30/03/23) a transferência foi concluída e realmente a Avenue vendeu posição minha sem autorização. Exijo uma reparação imediata explicando tal atitude.
Hoje mandei novo e-mail para o Alexandre e obviamente ele não respondeu, segue o texto do e-mail: ""Alexandre, bom dia!

Preciso de uma resposta completa de vocês me explicando o Extrato na conta de investimento (anexo).

Como já havia questionado, quero saber que vendas são essas realizadas no dia 28/03/23 que eu não fiz e nem descrição tem. Deixei em negrito na cor vermelha para facilitar a visualização.

Aguardo o retorno de vocês com urgência.""

Anexo a planilha enviada para o Alexandre.",30/03/2023 às 18:18,Não respondida,ID: 162019049,conta,https://www.reclameaqui.com.br/avenue-securities/transferencia-de-corretora_v_hwHYv3xmG42C53/
Impossível sacar Bitcoins,"A corretora não me permite transferir o saldo em BTC para minha cold wallet. Diz que o limite é insuficiente.  Pedi aumento do limite, deram prazo de 2 dia. Prazo passou e continuo sem conseguir sacar. Atendimento via chat está com bugs, quando transfere para Atendente diz que está fora do horário,  sendo que hoje mesmo falei com eles por lá.",29/03/2023 às 13:27,Respondida,ID: 161926435,cobrança,https://www.reclameaqui.com.br/avenue-securities/impossivel-sacar-bitcoins_f2A3dqaP5p86AZO2/
Cobrança de taxa sem aviso,"Eu realizei uma operação de portabilidade dos meus investimentos internacionais da XP International para a Avenue, através do método ACAT. Perguntei ao meu acessor se seria possível, ele somente confirmou e não me deu mais nenhuma informação. No aplicativo somente havia menções que não havia taxa na entrada da portabilidade, mas não falava nada sobre a saída. Dessa maneira fiz a operação e me deparei com um saldo negativo de 75 dólares na minha outra corretora, sem nem saber explicar o motivo. E o motivo é simples, a XP cobra taxa de portabilidade SEM AVISAR, uma taxa substancial pelo total de patrimônio que tinha no exterior. Já entrei em contato falaram que é uma taxa padrão e não vão fazer o estorno.
Fiquei muito decepcionado com a XP e nós próximos dias pretendo tirar todo o meu dinheiro da corretora, apesar de saber que pra eles o meu patrimônio não é nada, mas me recuso a ficar numa empresa que trata assim seus clientes.",28/03/2023 às 12:27,Não respondida,ID: 161089999,cobrança,https://www.reclameaqui.com.br/avenue-securities/cobranca-de-taxa-sem-aviso_eoGgiW0UbgAi1iJr/
Não consigo alterar senha,perdi meu celular e porem nao consigo alterar a senha pois pede o numero do mesmo e tento entrar num chat que nunca funciona.,27/03/2023 às 17:45,Respondida,ID: 161799533,conta,https://www.reclameaqui.com.br/avenue-securities/nao-consigo-alterar-senha_Leuq0_SI83snWWTF/
Minhas cotas VNQ sumiram da conta,"Minhas 3 cotas VNQ sumiram da conta, nesta data.",27/03/2023 às 16:19,Respondida,ID: 161792245,conta,https://www.reclameaqui.com.br/avenue-securities/minhas-cotas-vnq-sumiram-da-conta_1_AZce-iW5KAqotR/
Não consigo alterar meu número de celular cadastrado,"Estou há dias tentando alterar meu número celular cadastrado na minha conta Avenue. Tentei tanto pelo app quanto pelo site e não consigo de jeito nenhum. Meu filho me ajudou a atualizar meus dados de endereço e outros mas na hora de salvar as informações voltaram os dados antigos. Hoje fui tentar abrir o app no celular e ele pede um código de verificação mas ele está mandando para o número antigo. Reclamei na PlayStore e não obtive resposta. Além do mais eles começaram a cobrar uma tarifa de inatividade, sendo que não tenho como comprar ações todo mês. Gostaria de uma resposta da empresa.",27/03/2023 às 10:26,Respondida,ID: 161759795,conta,https://www.reclameaqui.com.br/avenue-securities/nao-consigo-alterar-meu-numero-de-celular-cadastrado_rx0oo30-au7B5XfK/
A Avenue calculou o meu Imposto errado!!!,"A Avenue me mandou um imposto para pagar de Fevereiro, muito superior do que os 15% em ganho de capital em ações. E para piorar, não me mostra a planilha de cálculo!!!
Péssimo sistema de atendimento!!!
Cobra as taxas mais caras!!!
Sou cliente a apenas 3 meses, e já estou querendo transferir meu dinheiro de lá..",27/03/2023 às 09:52,Respondida,ID: 161756507,conta,https://www.reclameaqui.com.br/avenue-securities/a-avenue-calculou-o-meu-imposto-errado_zkKgx_epqcM42SVG/
Encerrar Conta,"Olá,  apareceu uma conta criada em meu nome no dia 28/02/2023 e não tenho nenhum conhecimento sobre, gostaria do encerramento dessa conta, pois não autorizei alguma outra pessoa ou familiar a abrir em meu nome.",27/03/2023 às 07:37,Respondida,ID: 161749079,conta,https://www.reclameaqui.com.br/avenue-securities/encerrar-conta_7YAdUTBUUj1yqzx9/
Não consigo tirar meu dinheiro,"Coloquei dinheiro na Avenue porque iria realizar um intercâmbio, e até então, era uma boa opção. Entretanto tá se tornando um terror minha experiência. Primeiro que pouco tempo depois que coloquei meu dinheiro, o que me foi prometido de não ter taxa por uso do cartão, acabou. E agora estou morando fora, precisando transferir o dinheiro pra um banco daqui e não consigo, já tentei e e todas as formas pelo app e nada, já mandei dois e-mails e ninguém me responde. Eu não estou no meu país, a moeda aqui e mais cara, preciso de dinheiro, sou obrigada a ficar pagando taxa, não consigo tirar meu dinheiro e ninguém entra em contato comigo. Pior experiência possível!",26/03/2023 às 18:44,Respondida,ID: 161737661,dinheiro,https://www.reclameaqui.com.br/avenue-securities/nao-consigo-tirar-meu-dinheiro_6zXevthlAuKoY8U-/
Imposto de renda,"Não estou conseguindo declarar meu imposto de renda ano calendário 2023, pois existem pendências para o cálculo de relatórios. Sendo que a maior parte das minhas ações foram adquiridas  em 2021, e ano passado vocês tinham todas essas informações detalhadas. Não tenho essas informações em mãos para o devido preenchimento dessa pendência. Gostaria que houvesse algum auxílio sobre isso.",26/03/2023 às 17:14,Não respondida,ID: 161735393,conta,https://www.reclameaqui.com.br/avenue-securities/imposto-de-renda_mqXrTvYO0G-hocAV/
Conta com saldo negativo.,"Há algum tempo ingressei no mundo dos investimentos e, com isso, buscando diversidade, procurei também uma empresa pela qual eu pudesse investir no mercado americano. Encontrei a Avenue e, então, criei minha conta e fiz meu primeiro aporte.

Porém, a época, e por estratégia de investimento, não estava com condições financeiras para aportar recorrentemente no exterior e, confiando na reputação da Avenue, mantive meus poucos dólares investidos em uma ação, na esperança de voltar em algum momento para de fato começar a montar uma carteira em dólar.

Quando entro hoje na minha conta da Avenue, com intenção de preparar para fazer mais aportes, sem mais nem menos, minha conta estava negativa.

Não entendi direito ao olhar o extrato, parece que cobraram algumas taxas por inatividade e desligaram minha conta. Meu saldo na conta aparece negativo e continuo com meu ativo, ao que tudo indica, causando queda na rentabilidade de mais de 50% > Inclusive, no próprio app aparece que minha rentabilidade agora é de menos de -100%.

Deixei meu dinheiro lá e a conta aberta confiando na empresa e no respeito com o cliente, mas me decepcionei. Não consigo sequer um atendimento, já que ao tentar entrar em contato pelo app só um robô que me responde, sem nenhuma informação útil e sem me redirecionar.

Ao que tudo indica, minha conta banking também foi cancelada e não sei nem como deixar de ficar negativado, consequências disso ou onde entro em contato.

Estou tremendamente decepcionado, ainda mais que eram grandes as expectativas.

Gostaria que minha situação fosse resolvida, especialmente estornando as cobranças que foram feitas, meu saldo deixando de ser negativo e minha conta regularizada / reativada, além de uma explicação decente do ocorrido.

Desde já, agradeço.
",26/03/2023 às 02:30,Respondida,ID: 161719629,conta,https://www.reclameaqui.com.br/avenue-securities/conta-com-saldo-negativo_24u_Fl_6sxQm_uQV/
Cobrança indevida,"Tentei comprar o cartão metrocard em Nova York com o cartão físico da avenue, porém a máquina negou as três tentativas.

Observei agora no extrato que as transações constam como autorizadas e debitadas.

Nenhuma tentativa foi finalizada e não consegui comprar com o cartão.

Como o aplicativo da avenue não oferece um canal adequado para resolução dos problemas, preferi usar este canal.

Aguardo o estorno do valor cobrado.
",25/03/2023 às 12:21,Respondida,ID: 161697083,cobrança,https://www.reclameaqui.com.br/avenue-securities/cobranca-indevida_i0dva5dwuIOD5K_H/
Cobrança indevida,"Sou cliente avenue e fui fazer meu primeiro investimento. Ao acessar o chat para me informar sobre os custos, foi esclarecido que o custo de operação era equivalente a $ 2,50 (mensagem do chat). Após proceder a operação, ao fazer a compra de bonds, deparei-me com uma cobrança superior a $ 140.

Voltei ao chat, agora para atendimento humano. O funcionário me esclareceu que a política para bons é diferente, o que, contudo, não consta no momento em que se utiliza o recurso fornecido pela empresa para obter informações sobre custos. Ou seja, a mensagem automática deveria informar o valor para bonds ou dizer que aquilo não se aplica a bonds.

Enfim, creio ter havido uma falha muito grave de informação pela Avenue, o que me levou a não só deixar de aplicar o saldo remanescente, como também solicitar a devolução da taxação em excesso ao previamente informado.

Solicito, portanto, a devolução da tarifa cobrada.",08/03/2023 às 16:02,Respondida,ID: 160628251,cobrança,https://www.reclameaqui.com.br/avenue-securities/cobranca-indevida_i0dva5dwuIOD5K_H/
Cobrança indevida,"Há um tempo atrás solicitei a transferência dos meus ativos para outra corretora IB.
Porém a Avenue não transferiu a totalidade dos meus ativos, deixando um pequeno percentual, que não sabia, e agora estão me cobrando inatividade e , além disso, me ameaçando com uma cobrança ainda maior se não for pago.
Um absurdo e irresponsabilidade da empresa, sem contar o atendimento ineficaz, como pode ser visto no print abaixo.",25/02/2023 às 11:22,Respondida,ID: 159934151,cobrança,https://www.reclameaqui.com.br/avenue-securities/cobranca-indevida_i0dva5dwuIOD5K_H/
Cobrança indevida,"Olá, vocês estão cobrando uma taxa mensal de inatividade na minha conta de investimento no US. Abri a conta com vocês porque prometeram não cobrar nenhuma taxa e agora isso. Observo a cobrança indevida desde outubro do ano passado, até então tinha a conta e nunca foi cobrado nada. Por favor estornar os valores cobrados e deixar de realizar estas cobranças caso contrario avisar para que eu possa fechar a conta.",18/02/2023 às 11:34,Respondida,ID: 159586695,cobrança,https://www.reclameaqui.com.br/avenue-securities/cobranca-indevida_i0dva5dwuIOD5K_H/
Conta Aberta no Registrato Sem Ter Cadastrado,"Olá, pessoal, há muito tempo atrás tive contato com vocês. Acredito que encerrei bem há uns 5 anos. Ontem acessei meu Registrato e apareceu que tenho uma conta com vocês. O que houve? Não houve nenhum ação minha.",25/03/2023 às 08:31,Respondida,ID: 161687473,cobrança,https://www.reclameaqui.com.br/avenue-securities/conta-aberta-no-registrato-sem-ter-cadastrado_X_MnP8bUl9nVUUSo/
Não reconheço abertura de conta,"Em consulta ao Registrato do Bacen, verifiquei que consta uma conta aberta em meu nome na referida instituição (Registro: 61.384.004 - AVENUE SECURITIES DTVM LTDA - Aberta em 09.02.2023).
Ocorre que eu jamais abri qualquer conta na instituição, solicito o IMEDIATO cancelamento, sob pena das medidas judiciais cabíveis.
Já fui vítima de um [Editado pelo Reclame Aqui] da cidade de Macaé/RJ que abriu conta com meus dados no Banco do Brasil e no BMG, acredito que isso tem a ver com ele.",24/03/2023 às 20:31,Respondida,ID: 161676691,conta,https://www.reclameaqui.com.br/avenue-securities/nao-reconheco-abertura-de-conta_IIURZz14Wk3SBvFw/
Transferência de custódia,"Fiz contato através do chat da Avenue em 15/03 para realizar a transferência de custodia da Fidelity para a Avenue. Fui informada que bastaria passar as informações no email ******* para a transferência ser realizada.

O funcionário da Avenue informou que deveria iniciar o processo na correto de origem.

solicitei as informações adicionais que a correta de origem exige para a transferência e desde então o funcionário da Avenue sumiu! Já fiz várias cobranças por email e simplismente não responde.

Não existe um canal de ouvidoria e o único contato que eles disponibilizam (*******) os funcionários ignoram os clientes quando não possuem as informações que eles deveriam ter.",24/03/2023 às 18:37,Respondida,ID: 161671205,conta,https://www.reclameaqui.com.br/avenue-securities/transferencia-de-custodia_N2q_l1msg0S0fdMv/
Péssimo suporte ao cliente,"Primeiro que já começam errado liberando o relatório anual do IRPF no dia que começa a declaração, pois TODOS os bancos/corretoras liberam bem antes, muitos liberam no mês anterior.
Acontece que quando fui baixar meu relatório estava vindo completamente zerado, sem nenhum valor em conta, nenhum ativo, nada. Como eu havia adquirido diversos ativos no dia 29/12/2022, entrei em contato para ver o que havia ocorrido.
O atendente não esclareceu nenhuma dúvida e pedia 9 DIAS para resolver o problema.
Agora 9 dias depois, me mandaram um email dizendo que haviam corrigido o problema. Fui no site e consegui baixar o relatório, mas não tem nenhum dos ativos que adquiri e os valores para declaração de saldo em conta estão constando em reais e em dólares, sendo que eu não tinha os dois valores e se declarar desta forma a receita vai entender que havia saldo em dólar e em real quando não havia.
Tentei novamente entrar em contato para esclarecer estas duas dúvidas ou problemas, mas não respondem o email.
Já não bastam as taxas altíssimas para cambiar entre dólar/real, ainda tem esse atendimento ao cliente ""maravilhoso"", sinceramente só não vendi meus ativos ainda e retirei meu dinheiro de lá porque estamos passando por um período de baixa e não gostaria de vender agora para não ter um prejuízo tão grande, em outra situação já teria cancelado a conta.",24/03/2023 às 16:58,Respondida,ID: 161665251,conta,https://www.reclameaqui.com.br/avenue-securities/pessimo-suporte-ao-cliente_sv-Bu6NcGWCUYuu2/
Registro de conta no Banco Central,"Periodicamente acesso o Registrato do Banco Central do Brasil para ver as contas abertas em meu nome, e para a minha surpresa ontem constou conta aberta na Avenue Securities DTVM, com data de abertura de 28/2/23, sendo que não fiz nenhuma abertura. Preciso que cancelem essa conta, provavelmente foi [Editado pelo Reclame Aqui], pois isso está me gerando problemas pessoais.",24/03/2023 às 13:50,Respondida,ID: 161651143,dinheiro,https://www.reclameaqui.com.br/avenue-securities/registro-de-conta-no-banco-central_FGeDgURrM3w1Gocf/
Impossível liquidar posição BPYPM,"Possuo uma quantidade fracionada do ativo BPYPM e estou tentando vender o mesmo na plataforma. Porém, sempre recebo essa mensagem de erro:

Erro: Símbolo não disponível para fracional neste momento.

Além disso, as compras desse ativo não estão disponíveis.

Dessa forma, não consigo liquidar a minha posição e estou sendo obrigado a pagar a taxa de manutenção da conta pois a mesma não está zerada.

Solicito o suporte de vocês para resolver essa situação desagradável.",23/03/2023 às 16:04,Respondida,ID: 161594465,conta,https://www.reclameaqui.com.br/avenue-securities/impossivel-liquidar-posicao-bpypm_DYH3_YQ6vEpWiU2l/
Não recebi o comprovante da suposta comunicação que não recebi,"Recebi uma ligação da Avenue dizendo que iria me enviar por e-mail o comprovante da comunicação que supostamente foi feita, e até hoje não recebi o comprovante, referente a reclamação anterior onde fui [Editado pelo Reclame Aqui] em $385,00 pela corretora Avenue. Devido a uma alteração da regra que não fui comunicado, para no mínimo ter a opção de liquidar as ações antes da alteração.

Prometeram e não cumpriram. O que prova que é uma empresa que não tem palavra e não se importa com seu cliente. Estou com prejuízo de mas R$1500,00 e uma ofertaram um desconto de 30% no câmbio para eu colocar mais dinheiro na corretora. É brincadeira.

Não recebi o comprovante da comunicação e solicito o ressarcimento do dano que me foi imposto pela alteração de regra da corretora. Em caso de negativa novamente estudo a possibilidade de buscar meus direito na justiça.",23/03/2023 às 12:22,Respondida,ID: 161576623,conta,https://www.reclameaqui.com.br/avenue-securities/nao-recebi-o-comprovante-da-suposta-comunicacao-que-nao-recebi_WVVcHM-4uG7vwEdq/
cancelamento de conta,"tenho protocolo de cancelamento de conta com a confirmação de vocês no dia 20/01/2023, porem ao pesquisar no registrato vocês abriram uma nova conta em meu nome SEM MINHA AUTORIZÇAO no dia 28/02/2023 ,
FAVOR DAR EXPLICACOES E CANCELAR IMEDIATAMENTE QUALQUER CONTA EM MEU NOME, NUNCA AUTORIZEI ISSO E SE CONTITUI [Editado pelo Reclame Aqui] DE FALSIDADE ABERTURA DE CONTA EM MEU NOME SEM MINHA AUTORIZACAO",23/03/2023 às 14:06,Respondida,ID: 161584717,conta,https://www.reclameaqui.com.br/avenue-securities/cancelamento-de-conta_kxbKPdFbrwbxdYFl/
Nao consigo acessar minha conta pois preciso mudar o numero de telefone.,"Necessito urgentemente acessar minha conta mas como nao tenho mais meu numero de celular antigo não consigo colocar o codigo que enviam via SMS, sendo q nao tem nem como resgtatar a conta por email, o que é um absurdo, estou com quase 100 mil reais na conta e nao consigo acessar.

Espero retorno mais breve possível.

Obrigado.",21/03/2023 às 18:19,Respondida,ID: 161457863,cobrança,https://www.reclameaqui.com.br/avenue-securities/nao-consigo-acessar-minha-conta-pois-preciso-mudar-o-numero-de-telefone_t2P8jDejbxxnC8mu/
CANCELAMENTO DE CONTA,"Há muito tempo abri uma conta na Avenue, tinha pouca coisa investida lá e nem mexia mais, até que no dia 10/03 recebi um e-mail informando que minha conta ficaria negativa caso eu não vendesse uns papéis para cobrir o prejuízo.
Então, se não posso ficar com uma conta parada porque isso vai me gerir prejuízo, no mesmo dia 10/03 solicitei o cancelamento com o pouco de valor que ainda restava lá (não me importando para não ter mais dor de cabeça) e até o momento ainda não recebi nenhuma resposta, peço que executem o cancelamento da minha conta e tirem meus dados do cadastro de vocês.",21/03/2023 às 11:29,Respondida,ID: 161420099,conta,https://www.reclameaqui.com.br/avenue-securities/cancelamento-de-conta_XuC3AeYivxkDXRFZ/
CANCELAMENTO DE CONTA,"Entrei em contato com o Chat da Avenue, e apesar dos horarios aparecerem das 8 as 17hrs, e eu ter tentado as 13hrs, não havia ninguem para conversar. E eu estou tentando efetuar o cancelamento da minha conta na Avenue, tentei por email e ate agora não consegui retorno e o jeito é tentar por aqui.
Eu não tenho intenção de continuar e gostaria de cancelar. QUERO CANCELAR POR EMAIL!!!",06/03/2023 às 07:54,Respondida,ID: 160428999,conta,https://www.reclameaqui.com.br/avenue-securities/cancelamento-de-conta_XuC3AeYivxkDXRFZ/
Bloquearam a minha conta com mais de 100 mil DÓLARES,"Abri a constatação de uma compra de 2,91 dólares para bloquearem meu cartão por questão de segurança até eu resolver e eles bloquearam minha conta inteira!!!! Estou sem acesso a minha conta de investimentos com mais de 100 mil dólares em investimento, estou sem acesso a minha conta banking com mais de 15 mil dólares em caixa. Tenho viagem daqui uns dias e estou na mão e desesperada com meu dinheiro lá sem nenhum retorno. Tudo que me pediram pra fazer eu fiz. Inclusive já resolvi com q própria Amazon a situação da cobrança não reconhecida e a própria Amazon já procedeu com os estornos, mandei print de tudo e sigo sem minha conta e dinheiro. Estou desesperada!!! Alguém me ajuda!!!!!! Corram desse banco se querem um conselho ",21/03/2023 às 10:03,Respondida,ID: 161410367,conta,https://www.reclameaqui.com.br/avenue-securities/bloquearam-a-minha-conta-com-mais-de-100-mil-dolares_PwbFnlIXJ8WXxBWj/
Fomos [Editado pelo Reclame Aqui],"Eu e minha namorada fizemos gastos com o cartão de débito Avenue no Uruguai em 31/12/22. No dia 15/02/23 a empresa debitou de nossa conta Banking os mesmo valores já debitados do dia 31/12, ficando nossas contas negativas. Fizemos diversos contatos com a empresa, desde o dia 16/02, por telefone e emails, porém jamais reconheceram o erro, muito menos nos devolveram os valores retirados de nossas contas.  Desde aquele dia nos prometem retorno do setor técnico, mas até hoje não nos deram nenhuma satisfação. Já enviamos diversas provas de que fomos [Editado pelo Reclame Aqui], preenchemos formulários, etc, mas nada parece suficiente. ",20/03/2023 às 22:00,Respondida,ID: 161390527,dinheiro,https://www.reclameaqui.com.br/avenue-securities/fomos_v9JSppRukjAocvze/
Encerramento de conta,"Não consigo encerrar a conta e vejo este o único meio de encerramento.
Solicito encerramento de minha conta Avenue.",20/03/2023 às 18:33,Respondida,ID: 161376227,conta,https://www.reclameaqui.com.br/avenue-securities/encerramento-de-conta__4zFKYT1gXSQGuvt/
Encerramento de conta,"Gostaria de encerrar a minha conta nesta plataforma tendo em vista que eu não faço uso dos serviços disponibilizados.
Porém para abrir a conta eu não preciso falar com ninguém por telefone e para encerrar é necessário? Não vou entrar em contato com telefone algum e peço que encerrem a minha conta o quanto antes, não desejo mais mante-la.
Só respondam se for para encerrar a conta, se não for nem percam seu tempo pois vou processa-los por ferirem a LGPD.",20/03/2023 às 12:34,Respondida,ID: 161341629,conta,https://www.reclameaqui.com.br/avenue-securities/encerramento-de-conta__4zFKYT1gXSQGuvt/
Encerramento de conta,Fiz o encerramento da minha conta porém voltou a aparecer no relatório de contas ativas do banco central. Solicito encerramento definitivo!,13/03/2023 às 10:17,Respondida,ID: 160884233,conta,https://www.reclameaqui.com.br/avenue-securities/encerramento-de-conta__4zFKYT1gXSQGuvt/
Encerramento de conta,consta em aberto uma conta minha no registrato e gostaria de encerrar a mesma.,13/03/2023 às 22:06,Respondida,ID: 160946737,conta,https://www.reclameaqui.com.br/avenue-securities/encerramento-de-conta__4zFKYT1gXSQGuvt/
Encerramento de conta,"Boa Noite,

Nunca movimentei a conta agora tem taxa se não movimentar que brincadeira e essa?",10/03/2023 às 18:58,Respondida,ID: 160789193,conta,https://www.reclameaqui.com.br/avenue-securities/encerramento-de-conta__4zFKYT1gXSQGuvt/
Encerramento de conta,"1-Favor encerrar minha conta na Avenue.
2- fiz uma venda de um ativo a mercado pois não apareceu a opção de stop ou limitada.
3-deixo claro que a venda só ocorreu pela cobrança de taxa de inatividade.
",24/01/2023 às 10:17,Respondida,ID: 158016465,conta,https://www.reclameaqui.com.br/avenue-securities/encerramento-de-conta__4zFKYT1gXSQGuvt/
Encerramento de conta,"Olá, abri conta na avenue anos atrás e na data assinei um contrato do qual não constava nenhuma taxa de inatividade a ser cobrada. Recentemente descobri que agora é cobrado uma taxa para contas que estão ""inativas"", verificando e-mails antigos percebo que não recebi nenhuma comunicação da Avenue sobre essa mudança, e mesmo se tivesse recebido, eu não concordei/aceitei com essa mudança em nenhum momento.

Tentei entrar em contato por e-mail para realizar a transferência de custódia dos meus ativos e assim seguir com o encerramento da minha conta mas me deparo com a tarifa absurda de US$75 a qual não tenho condição de arcar.

Me deparo em um cenário onde perdi totalmente a confiança na empresa que, para entrada de ativos não cobra nenhuma taxa e para saída cobra uma taxa elevada, que fazem mudanças no contrato e não informam o cliente e que dificultam o processo de encerramento da minha conta na qual estou sendo cobrado um valor de manutenção.",20/01/2023 às 17:03,Respondida,ID: 157841501,conta,https://www.reclameaqui.com.br/avenue-securities/encerramento-de-conta__4zFKYT1gXSQGuvt/
Dificuldade extrema de sacar meu saldo em reais no Brasil,"Estou 10 dias num processo estranho e assustador de sacar R$ 382,30 da corretora Avenue situada nos EUA  Porem com site representante no Brasil.DRAMA: Vou no menu contas e clico em retiradas. Abre uma página que nela consta os dados da minha  do Banco ITAU ( estão corretos).  Daí pra frente, clico  em um suposto icone em cor cinza que não reage de jeito  nenhum. Fico com varias pugas atrás de  poucas orelhas, por isso, ligo para o Tel que consta na página:  4005-1108 e, SURPRESA:  A operadora informa que o telefone não existe. Envio um Email para ******* e, OURTA SURPRESA: Ninguém responde. A única pagina que funciona bem, é a de depósitos. É só clicar que surge um QRCODE para depositos via PIX.  O que pensar depois de tudo isso. Alerto os brasileiros com a seguinte insinuação: ESSA CORRETORA NÃO É CONFIAVEL !!!!   Espero também que A Avenue resolva isso muiiiiiiito rápido.",20/03/2023 às 16:25,Respondida,ID: 161365139,conta,https://www.reclameaqui.com.br/avenue-securities/dificuldade-extrema-de-sacar-meu-saldo-em-reais-no-brasil_V0wA1Xz8Nj6gFNpt/
Falta de acesso conta avenue.,"Não estou conseguindo cadastrar nova senha , já tentei inúmeras combinações diferentes mas sempre encontro uma mensagem dizendo que o código é invalido.",20/03/2023 às 10:55,Respondida,ID: 161330915,conta,https://www.reclameaqui.com.br/avenue-securities/falta-de-acesso-conta-avenue_R4uJ3LcKybdSXlEK/
Cancelamento de conta,"No dia 14/03/23 de e-mail mandei e-mail para a Avenue (*******)
para cancelar minha conta. Já se passaram 6 dias e não obtive nenhum retorno. Quero o cancelamento a partir do dia 14/03 quando solicitei para que não haja cobrança de taxa.",20/03/2023 às 10:36,Respondida,ID: 161328673,conta,https://www.reclameaqui.com.br/avenue-securities/cancelamento-de-conta_W7mx3XwNywte-l3h/
REGISTRATO APARECENDO 61.384.004 - AVENUE SECURITIES DTVM LTDA.,"Verifiquei o cadastro dessa conta no meu cadastro registrato do banco central em 18/03/2022, porém já solicitei o encerramento com a conta da Avenue. Solicito o cancelamento desta conta o quanto antes!",18/03/2023 às 08:30,Respondida,ID: 161250305,cobrança,https://www.reclameaqui.com.br/avenue-securities/registrato-aparecendo-61-384-004-avenue-securities-dtvm-ltda_4KmSTsdsKrbVh08Z/
Plataforma não aceita ordens de venda de criptoativos - prejuízo em virtude disto,"No dia 17/3/23 tentei várias vezes vender minhas criptomoedas e não consegui. As ordens eram rejeitas todas as vezes. O atendimento disse que havia ""uma instabilidade na plataforma"". Ocorre que BTC subiu 10% neste dia e eu queria realizar meu lucro, devido a esta ""instabilidade"" tive um prejuízo significativo. Até agora não consigo vender meus ativos. O que está acontecendo? Quando a plataforma vai normalizar e vou poder colocar minha ordem? Estou pensando em fazer uma reclamação na CVM/SEC",17/03/2023 às 22:46,Respondida,ID: 161244237,conta,https://www.reclameaqui.com.br/avenue-securities/plataforma-nao-aceita-ordens-de-venda-de-criptoativos-prejuizo-em-virtude_8FtGe7_YarjLEpYb/
Aplicativo para perder dinheiro.,"Ao baixar e se cadastrar no aplicativo, vc já é automaticamente cadastrado no plano Premium, onde, para cada movimentação levam um rim. Não lhe dão a opção de iniciar no free pra depois se a pessoa quiser, se cadastra no pago.
É cobrada uma taxa de $2,50 (dólares) para cada compra ou venda de uma ação. Nessa brincadeira, perdi muito dinheiro por não saber. O valor que vc deposita para investir, nunca vai ser o mesmo valor. Sempre levam uma fatia para cada movimentação. Seja em compra, venda ou câmbio. E ao tentar fazer o câmbio de volta para poder sacar seu dinheiro, eles impõem um limite mínino para isso, que acima do que vc tem na corretora, forçando vc a depositar mais valores. Porém, quando transfere mais valores pra poder sacar o que vc tem, vc tem que fazer o câmbio para dólares(ja perde mais dinhiro aí) pra depois poder fazer o câmbio de volta em reais(ja perde mais outra fatia ai). Nisso quando vc tenta fazes o câmbio, o valor limite aumenta de novo, forçando mais uma vez vc a depositar pra poder sacar. E com isso eles vâo cada vez mais tirando uma fatia de cada operação que vc faz. Me decepcionei muito. O valor talvez que perdi, eu nem recupere, mas, eu só queria poder tirar o meu. Mas, sempre que vc deposita pra atingir o calor mínimo do câmbio, els aumentam, e nisso, vira um looping de operações pra poder tirar o nosso.",17/03/2023 às 09:34,Respondida,ID: 161191547,conta,https://www.reclameaqui.com.br/avenue-securities/aplicativo-para-perder-dinheiro_yVUkHrdshRNKZlP8/
TAXA DE TRANSFERÊNCIA WIZE,"A AVENUE NÃO COBRAVA NENHUMA TAXA DE TRANSFERÊNCIA WIZE POR TRANSFERÊNCIA WIZE EM ATÉ MARÇO DE 2021, EM SEGUIDA, NO PRÓPRIO ANO 2021, SEM NENHUM AVISO PRÉVIO, PASSOU A COBRAR  R$ 14,00 E SÓ PERCEBI AGORA, ASSIM, FUI MUITO PREJUDICADO, SOLICITO DE VOLTA DE PARTE DOS VALORES  OU RENOGOCIAÇÃO AO MENOS. SE TIVESSEM AVISADO, EU PODERIA TER USADO O CÂMBIO ELES QUE NÃO É NADA COMPETITIVO. SENDO ASSIM VENHO SOLICITAR REAVIMENTO DOS MEUS CUSTOS ATÉ 2023, PELA FALTA DE TRANSPARÊNCIA DA EMPRESA",17/03/2023 às 02:06,Respondida,ID: 161183143,cobrança,https://www.reclameaqui.com.br/avenue-securities/taxa-de-transferencia-wize_p7_yL3YfMs5sSy-e/
PEDIDO NÃO FOI ENTREGUE,"Prezados

Meu pedido não foi entregue e após verificar o status de rastreio acusou que já foi realizado três tentativas de entrega e o destinatário estava ausente, porem, essa informação não procede, estou em casa todos os dias e ninguem veio aqui. Pagamos um frete caríssimo e recebemos um serviço de péssima qualidade.

Preciso saber como receberei meu pedido???

Aguardo esclarecimentos



",16/03/2023 às 17:37,Respondida,ID: 161152755,conta,https://www.reclameaqui.com.br/avenue-securities/pedido-nao-foi-entregue_tWcCM-7XgsQqU7Ym/
Não consigo cancelar,"Percebi que desde o ano passado o dinheiro que tinha deixado nessa empresa, em moeda internacional, começou a ter um desconto por taxa de inatividade.

Com isso, retirei o dinheiro da empresa e estou tentando solicitar o cancelamento da conta para não ter mais essa taxa que considero abusiva, porém o cancelamento é somente por telefone e neste exato momento estou a mais de uma hora aguardando no telefone e não fui atendido. Solicito que a minha conta seja cancelada e essa cobrança seja encerrada.",16/03/2023 às 11:49,Respondida,ID: 161132669,conta,https://www.reclameaqui.com.br/avenue-securities/nao-consigo-cancelar_DL6QQunheTtA9zXC/
Saldo em conta incorreto,"Meu saldo consta como negativo e bloqueado, porem esta incorreto. Eu tenho saldo e não estou conseguindo realizar nenhuma operação, tanto no APP quanto na WEB.

Já fiz duas tentativas de contato para correção, fui informado que seria corrigido no dia 15/03/2013. Não aconteceu.
Hoje dia 16/03/2023 fiz outra tentativa de ligação, fui informado que até as 10:30 seria corrigido meu saldo. Até agora não foi corrigido nada.

Estou com valor negativo incorretamente.

Quero um solução o mais rapido possivel.

Att
Jonas",16/03/2023 às 11:45,Respondida,ID: 161132313,conta,https://www.reclameaqui.com.br/avenue-securities/saldo-em-conta-incorreto_ttcN-mEoZteng3AB/
Impossivel falar com um atendente para resolver um problema!,"Estou a dias tentando falar com um atendente para resolver um problema de saldo negativo devido à inatividade e é impossível falar com alguém, o chat só joga para respostas prontas e nunca passa a um atendente, já tenho o dinheiro transferido para eles para o saldo ser pago e eu possa cancelar minha conta, mas eles pedem uma transferência de R$200 no mínimo, sendo que meu saldo a quitar é de apenas $0,55 dólares, não tem sentido nenhum enviar R$200 reais só para quitar isso.",15/03/2023 às 13:04,Respondida,ID: 161062997,dinheiro,https://www.reclameaqui.com.br/avenue-securities/impossivel-falar-com-um-atendente-para-resolver-um-problema_PXiaot0g0U3t82PX/
Dificuldade em cancelar conta Avenue,"Tentei cancelar a minha conta digital na Avenue e o problema começa que eles só cancelam por telefone. Liguei no contato informado no chat do site da Avenue*******, após esperar um longo tempo para atendimento, fui atendido, informei os dados para cancelamento da conta e.. a ligação caiu e eu não consigo falar novamente no telefone, nao recebi uma ligação de volta, nem confirmação alguma do cancelamento da conta. ",15/03/2023 às 12:05,Respondida,ID: 161057897,conta,https://www.reclameaqui.com.br/avenue-securities/dificuldade-em-cancelar-conta-avenue_Yxpb96_pqxG1wy1C/
Uso Indevido do meu e-mail,"Estão usando meu e-mail em alguma conta da Avenue indevidamente. Com base na LGPD solicito que seja desvinculado meu e-mail dessa conta. Hoje tentei fazer meu cadastro e constava que o e-mail ja estava sendo utilizado, e procurei no spam e achei e-mails da avenue.",15/03/2023 às 11:49,Respondida,ID: 161056355,conta,https://www.reclameaqui.com.br/avenue-securities/uso-indevido-do-meu-e-mail_tG0HAg4JBa7ZOO11/
"CONTA ENCERRADA, REABERTA INDEVIDAMENTE","No dia 03/02/2021, solicitei o encerramento da minha Conta Avenue no e-mail *******, , no dia 12/02/2021, recebi um retorno da Avenue, dizendo que minha conta estava encerrada e o vínculo no registrato do banco central também seria encerrado, pois bem, de fato na época foi encerrado, para minha surpresa, olhei o registrato no dia 03/03/2023 e constava novamente o vínculo em aberto (imagem em anexo), solicitei novamente o encerramento pelo menos e-mail, e não me retornaram, preciso do encerramento total da minha conta Avenue, e o encerramento do vínculo no Registrato do Banco Central, não tenho nenhum interesse mais em ter a conta, preciso do encerramento imediato, aguardo breve retorno.",15/03/2023 às 10:42,Respondida,ID: 161049425,cobrança,https://www.reclameaqui.com.br/avenue-securities/conta-encerrada-reaberta-indevidamente_5wy-llGYuM2JGiG1/
Resolução do atendente no chat nota ZERO,"Fui vítima de um [Editado pelo Reclame Aqui] com o meu cartão da Avenue e entrei em contato com um agente através do chat. Depois de explicar toda a história, falando que tiraram dinheiro sem meu consentimento etc. a solução da agente foi: fale com o lojista. Simplesmente o site que tiraram dinheiro é claramente de fachada, não tenho acesso mais ao link do [Editado pelo Reclame Aqui] repeti que caí em um [Editado pelo Reclame Aqui], que o valor ainda estava em processamento e novamente a solução da agente era basicamente fale com o [Editado pelo Reclame Aqui], peça o dinheiro de volta. Me poupe. Preparem melhor o que vão falar. Simplesmente um não vai dar ao invés de parecer que estou falando com uma porta.",14/03/2023 às 21:18,Respondida,ID: 161024073,conta,https://www.reclameaqui.com.br/avenue-securities/resolucao-do-atendente-no-chat-nota-zero_sA5ZRE3YeGnalNVu/
Cobrança indevida na conta,"Reparei recentemente que a Avenue começou a me cobrar valores mensais pro falta de uso da conta, coisa que nunca havia acontecido e nem me avisaram que haveria mudança no contrato. Essa cobrança é indevida e eu não aceito isso!",14/03/2023 às 17:42,Respondida,ID: 161009353,cobrança,https://www.reclameaqui.com.br/avenue-securities/cobranca-indevida-na-conta_IHXT_7f77AyH9aNd/
Avenue induz cliente ao erro para operação de câmbio,"Boa tarde.

Há poucos meses abri conta na Avenue com objetivo do apelo de ser um banco com taxas de câmbio mais atrativas e ser um banco onde poderia utilizar em viagens internacionais, em especial Estados Unidos.

Com base neste apelo, quase que diariamente passei a verificar cotação do dólar e fazer aportes em minha conta Avenue para viagens futuras.

Ocorre que na data de 14 de março de 2023 transferi, como de praxe, R$ 1000,00 via PIX para minha conta Avenue para novo aporte em dólar e acessei minha conta pelo app celular.

Problema número 1:

Avenue mostra uma cotação e pratica outra mais alta como se fosse mais vantajoso para cliente:

Mostrou cotação de compra de moeda estrangeira a R$5,14, mas na hora de transacionar mostra como preço mais vantajoso o valor de R$ 5,19 e não permite comprar a R$ 5,14. Ou seja, mostra um valor mais barato, mas só permite a compra a um preço mais caro (propaganda enganosa). Vale reforçar que foram mostrados valores ante do IOF.

Problema número 2:

Ao me deparar com variação de cotação de R$5,14 que em segundos se transforma em R$ 5,19 (cotação R$5,14 passa a aparecer riscada segundos após ser mostrada) fui levado à pressa de não esperar aparecer a cotação promocional e proceder à próxima etapa de compra sem poder atuar com calma e tranquilidade, pois se esperasse segundos, o valor mais vantajoso (sem a promoção) aparecia riscado e um novo valor maior passava a ser mostrado. Fiz esta etapa de entrar e sair da conta algumas vezes para poder tentar pegar o valor mais atrativo do dólar mostrado pela Avenue.
Pois bem, nesta ida e vinda de tentar acessar o melhor valor fui induzido ao erro devido à pressa, clicando em venda e não em compra de dólar.
Fato é que ficou registrado que não foram comprados R$1000,00 em dólar, mas sim foram vendidos US$ 1000,00 para serem convertidos no dia seguinte em reais.

Vale reforçar que esse erro foi induzido pelas cotações enganosas que a Avenue mostra ao cliente como se houvesse um valor promocional se o cliente comprasse dólar naquele exato momento. Vale também ressaltar que neste caso o valor promocional era maior que o valor sem a tal promoção, causando ao cliente desespero em não querer a promoção e para tanto ter que atuar muito rápido antes do valor promocional aparecer.

Problema número 3:

Assim como quaisquer transações de outros bancos, para serem efetivadas é solicitada a inclusão de uma senha ou token de confirmação antes da efetivação, porém na Avenue basta clicar em ok/confirmar, sem demandar qualquer tela de confirmação da operação que de fato será realizada ou mesmo a inserção de senha para poder concretizar a operação. Ou seja, a Avenue não permite ao cliente rever o que será realizado para que este tenha a chance de confirmar se de fato é o que deseja.

Problema número 4:

Entrei em desespero tentando estornar a operação que não é possível via app ou site. Tentei então entrar em contato com a Avenue através do chat (primeira opção que encontrei no site). Para minha decepção entrei em uma fila de atendimento e depois de algum tempo quando chegou minha vez de ser atendido fui atendido por um robô que não resolveu o problema. Tentei que o chat fosse transferido para atendimento humano sem sucesso.

Tentei então atendimento por telefone, central 4005-1108 na qual fiquei mais de 20 minutos ouvindo música para ser atendido e quando fui atendido informaram que não podiam estornar a operação.

Liguei então na Ouvidoria que primeiro me informou que não poderia me atender, pois o caminho correto seria via Central, mas depois me atenderam como sendo caráter de exceção. Não entendi, pois a Ouvidoria deveria funcionar como sendo o canal de resolução de problemas que não foram atendidos via canais primários ao cliente, ou seja, não era uma exceção e sim um dever atender o cliente. Tive que insistir para ser atendido, pois um cliente mais leigo fiaria perdido em como proceder.

Pois bem, ouvidoria disse que nada poderia fazer pelo cliente.

Lembro que é de praxe em outas instituições a prática de estornos de operações realizadas equivocadamente.

Estou então recorrendo ao BACEN para que a instituição Avenue seja questionada por ser uma instituição que não exige confirmação de operação por senha/token e não permite estorno de operações que foram equivocadamente realizadas por indução ao erro, visto que divulgam uma valor do produto mais vantajoso se realizado em cerca de um segundo, no caso câmbio de dólar, pois logo em seguida um novo valor mais caro é mostrado. Ë preciso reforçar que a variação do câmbio que questiono não é referente ã variação de mercado, mas sim um valor que seria promoção em relação ao valor de mercado.

Caso não estornem a operação sem prejuízo ao cliente, procederei ao encerramento da conta, pois não fará nenhum sentido ter uma instituição que além de induzir ao erro, não atende o cliente tempestivamente ou quando ele precisa de ajuda.

Um outro problema que me leva a crer em possível vazamento de informação de dados cadastrais é que no dia seguinte em que eu e minha irmã abrimos conta na Avenue recebemos tentativa de [Editado pelo Reclame Aqui] no whatsapp. O contexto do que foi escrito nas mensagens do whatsapp nos levou a crer que tenha vazado alguma informação da instituição.

Muito cuidado ao abrirem conta na Avenue. A minha será encerrada.",14/03/2023 às 16:57,Respondida,ID: 161005815,conta,https://www.reclameaqui.com.br/avenue-securities/avenue-induz-cliente-ao-erro-para-operacao-de-cambio_Pn-jGp85kBgAv3Im/
Péssimo atendimento!!!,"Não liberam o informe de rendimentos do ano calendário 2022, e você não consegue contato de jeito nenhum!",14/03/2023 às 16:43,Respondida,ID: 161004605,conta,https://www.reclameaqui.com.br/avenue-securities/pessimo-atendimento_mZn0ojEPfV84T6gM/
Conta re-aberta após encerramento,"Minha conta foi encerrada em 13/01/2023, conforme protoclo no email anexo.

No Registrato consta que minha conta foi aberta em 10/02/2023.

Que sentido faz isso ?!",14/03/2023 às 15:35,Respondida,ID: 160998445,conta,https://www.reclameaqui.com.br/avenue-securities/conta-re-aberta-apos-encerramento_KLoxRn08pId6oRNs/
Alteração do número de celular,Troquei meu número de celular e não tenho mais acesso a minha conta! Não consigo contato!,14/03/2023 às 11:56,Respondida,ID: 160978097,conta,https://www.reclameaqui.com.br/avenue-securities/alteracao-do-numero-de-celular_qa7SlkB5Hj6A1ReV/
Não consigo cancelar a minha conta,"Já tentei cancelar a conta umas 6 vezes não tem opção no aplicativo, não me atendem no chat e mais de 1 hora ligando o jeito agora e bacem e procon, empresa horivel isso é muita falta de respeito.",14/03/2023 às 10:32,Respondida,ID: 160968773,conta,https://www.reclameaqui.com.br/avenue-securities/nao-consigo-cancelar-a-minha-conta_t9Ul7HKPThP9BEt3/
"A Avenue está retendo incorretamente um imposto de renda. Estou desde dezembro tentando resolver, mas eles estão ignorando.",Desde o dia 26 de dezembro estou falando com eles sobre uma retenção de IR sobre dividendos recebidos de investimentos em ETFs. Mostrei pra eles que há previsão pelo IRS para parte dos dividendos recebidos serem isentos lá nos EUA. Mas eles estão ignorando meus e-mails. Simplesmente não respondem. É um absurdo essa demora toda.,14/03/2023 às 09:59,Respondida,ID: 160965207,conta,https://www.reclameaqui.com.br/avenue-securities/a-avenue-esta-retendo-incorretamente-um-imposto-de-renda-estou-desde-dezem_tg7JHstwIpP85wpO/
Conta reaberta sem a minha autorização,Fiz o cancelamento da minha conta pela central e consultei no Registrato que ela foi reaberta dia 09/02/2023 sem o meu consentimento. O atendente me garantiu que ao cancelar eu não conseguiria abrir novamente uma nova conta e agora consta ela reaberta. Quero o cancelamento desta conta e o comprovante de encerramento e a retirada dos dados no Registrato do BC. E quero saber como que a conta foi reaberta sem a minha autorização.,14/03/2023 às 09:22,Respondida,ID: 160961725,conta,https://www.reclameaqui.com.br/avenue-securities/conta-reaberta-sem-a-minha-autorizacao_iphd9G5WotGWIwzE/
Cartão não funciona no exterior. 4 dias tentando resolver e nada!!! ATENDIMENTO [Editado pelo Reclame Aqui],"O cartão não funciona no exterior. É a segunda reclamação..avisaram que estaria funcionando ontem e nada..a central tem horário limitado. 4 dias p tentar liberar o cartão é surreal!!!

",14/03/2023 às 05:25,Respondida,ID: 160953853,conta,https://www.reclameaqui.com.br/avenue-securities/cartao-nao-funciona-no-exterior-4-dias-tentando-resolver-e-nada-atendim_u22B_NslSRdBUqAv/
Solicitação de Encerramento de Conta,"Olá, venho solicitar o encerramento definitivo da minha conta Avenue, tanto a bancária quanto da conta de investimentos, cartões, e de quaisquer outras contas relacionadas ao meu Cadastro na Avenue, e junto ao Evolve Bank abertas em meu CPF pela Avenue.

Solicito também o lançamento desses encerramentos no registrato do Bacen em meu CPF, que atualmente tem em aberto dois vínculos com a Avenue:

13.059.145 - BEXS BCO DE CAMBIO S.A

E

61.384.004 - AVENUE SECURITIES DTVM LTDA.

Não consigo solicitar via aplicativo, por isso abro essa reclamação.

Desde já eu agradeço.",14/03/2023 às 00:13,Respondida,ID: 160951487,conta,https://www.reclameaqui.com.br/avenue-securities/solicitacao-de-encerramento-de-conta_qsje7d17KK6q8QlU/
Existem pendências para o cálculo de seus relatórios,"A Avenue pede para eu preencher dados faltantes (Pendências de transferência de custódia), sendo que eu NUNCA tive conta no exterior em OUTRA CORRETOR. Os papéis que tenho na Avenue eu comprei lá mesmo, na PRÓPRIA PLATAFORMA. Que transferência de custódia é essa? Quem tem esses dados é a Avenue, E foi por isso que abri conta com vocês. Se eu tiver que preencher tudo manualmente todo ano eu teria aberto minha conta na Interactive Brokers, onde eu ia abrir inicialmente, mas como dissera que vocês ""facilitavam"" os informes para brasileiros eu abri na Avenue. Peço resolverem meu informe de rendimentos.",13/03/2023 às 21:50,Respondida,ID: 160945881,conta,https://www.reclameaqui.com.br/avenue-securities/existem-pendencias-para-o-calculo-de-seus-relatorios_N7tPAVEXq89Nhqpp/
Existem pendências para o cálculo de seus relatórios,"Meus relatórios do imposto de renda dos anos anteriores sumiram e estão solicitando preenchimento de dados faltantes, contudo não houve transferência de custódia e a corretora possui todas as informações pertinentes.",20/01/2023 às 16:32,Respondida,ID: 157839285,conta,https://www.reclameaqui.com.br/avenue-securities/existem-pendencias-para-o-calculo-de-seus-relatorios_N7tPAVEXq89Nhqpp/
Cartão não funciona no exterior! Não consigo contato com a central!,O cartão não está funcionando..estou tentando contato desde sábado e não tem central fora de dias úteis. Quanto finalmente consegui contato recebi a explicação que a comunicação de viagem só é processada após 1 dia útil! Como uma instituição que se diz digital não consegue processar rapidamente uma simples solicitação! Péssimo serviço. Para conseguir falar na central precisa testar diversas opções pois várias vezes a ligação é encerrada com mensagem automática de verifique o site. Péssimo serviço!,13/03/2023 às 12:55,Respondida,ID: 160901125,conta,https://www.reclameaqui.com.br/avenue-securities/cartao-nao-funciona-no-exterior-nao-consigo-contato-com-a-central_iN9eQc7_W92HaoEb/
Impossivel resgatar o meu dinheiro,"Fui notificado com um email informando que o meu saldo está negativo, porém não faço movimentações financeiras a meses.
Nem sabia q tinha taxa de inatividade, mesmo assim, nao acho que 800 dolares nao dê pra cobrir
Quero encerrar todas as atividades na avenue e quero resgatar todo o dinheiro que possuo lá imediatamente.",13/03/2023 às 12:15,Respondida,ID: 160897395,dinheiro,https://www.reclameaqui.com.br/avenue-securities/impossivel-resgatar-o-meu-dinheiro_GwgvzKl8zjnOUmUg/
DESRESPEITO E PREJUÍZO,"NO DIA 02/FEV, a Avenue, no momento em que o dólar atinge R$ 4,94 (menor valor em 7 meses) e o seu cliente não consegue fechar o câmbio por ""inconsistência"" no sistema de uma corretora que já tem um dos MAIORES SPREADS do mercado.


Falta de respeito com o cliente que está PERDENDO DINHEIRO e OPORTUNIDADES de negócio.

",13/03/2023 às 12:13,Respondida,ID: 160897203,conta,https://www.reclameaqui.com.br/avenue-securities/desrespeito-e-prejuizo_NmrKowAxOgVlmjPM/
"Costa que eu estou devendo 3,35 dólares sendo que eu não utilizei o serviço e não sei do que seria essa taxa","Ao consultar minha conta verifiquei  -3,35 dólares e em nenhum momento foi falado o motivo desse saldo estar negativo e quando contratei não tinha taxa, portanto se for taxa não quero pagar, até porque só Investi uma vez e só uso o app para acompanhar..",12/03/2023 às 21:51,Respondida,ID: 160867205,dinheiro,https://www.reclameaqui.com.br/avenue-securities/costa-que-eu-estou-devendo-3-35-dolares-sendo-que-eu-nao-utilizei-o-servico_yE0JbqMgNuc0JhSo/
Saldo Negativo na Avenue,"Fui notificado com um email informando que o meu saldo está negativo, porém não faço movimentações financeiras a meses.

Depositei na época o equivalente a R$60,00 e fiz uma pequena movimentação para aprender como o mercado funciona. Depois eu decidi vender a ação e sacar o dinheiro. não entendo o por que do meu saldo ficar negativo. Aguardo Retorno e necessito que o problema seja resolvido o mais breve possível.

",11/03/2023 às 21:39,Respondida,ID: 160837035,conta,https://www.reclameaqui.com.br/avenue-securities/saldo-negativo-na-avenue_yjvL4RLU4JHVcBJM/
Compra Não autorizada. Demora estorno,"Registrei uma ocorencia de compra nao autorizada com o meu cartão no dia 08/02/2023, a resposta enviada pelo banco Avenue é que preciso aguardar até 120 para a situação ser resolvida.

Fiz a programação de compra de moeda estrangeira para uso em viagem internacional e mesmo passados mais de 30 dias continuo sem resposta. O meu cartão físico tambem foi bloqueado impossibilitando o uso do saldo finaceiro que restou na minha conta.

Conclusao, toda programação feita para viagem foi perdida devido política ineficaz da empresa para solucao desse tipo de [Editado pelo Reclame Aqui].

Não aconselho a ninguém a prestação de serviços desse banco.",11/03/2023 às 18:58,Respondida,ID: 160832161,conta,https://www.reclameaqui.com.br/avenue-securities/compra-nao-autorizada-demora-estorno_lZoYuNCs-GyDNxAD/
Meu dinheiro sumiu,"Há uns meses fazendo um teste na Avenue , abri minha conta e depositei 1000,00 reais. Quis fazer um câmbio e acabei programando uma transação . Desisti de fazer o câmbio , mas não tem como cancelar o procedimento , meu dinheiro está travado em algum lugar , já entrei em contato com a Avenue . Nesse atendimento por chat ,o atendente João orientou que eu desinstalasse o aplicativo ( o que não resolveu), alegou que o uso de Wi-Fi corporativo afetaria a estabilidade do aplicativo ( mas no 4G não mudou nada). Gostaria do meu dinheiro liberado para eu fazer a retirada, além do encerramento da minha conta.",11/03/2023 às 15:04,Respondida,ID: 160824007,conta,https://www.reclameaqui.com.br/avenue-securities/meu-dinheiro-sumiu_DEJDmQBvlqoCLjob/
Abertura de Conta Indevida,"No dia 04/01/23, solicitei via e-mail o encerramento de conta junto a essa instituição financeira.

No dia 11/02/23, recebi a confirmação do Sr. Lucas Espíndola (Customer Service), que dizia: ""Informo que sua conta já foi cancelada, conforme informado por e-mail.""

Pois bem, para minha surpresa, consultando o CCS junto ao Banco Central, descubro que no dia 08/02/2023, havia uma abertura de conta junto a 61.384.004 - AVENUE SECURITIES DTVM LTDA.

Como poder haver qualquer tipo de abertura de conta sem meu conssentimento, sendo que eu já havia solicitado o encerramento da conta e havia sido confirmado?

Peço com urgência a resolução do caso,
*******.

",11/03/2023 às 10:22,Respondida,ID: 160810839,conta,https://www.reclameaqui.com.br/avenue-securities/abertura-de-conta-indevida_J2jeJ23ADqjAuSso/
Cobrança sem aviso,"Tenho uma conta na avenue que não utilizo a alguns meses, com a conta grátis, e para minha surpresa recebi um e-mail que estou devendo uma taxa em dólar, mesmo sem usar!

Por isso gostaria de solicitar o imediato cancelamento da conta em caráter definitivo!",11/03/2023 às 08:01,Respondida,ID: 160805447,cobrança,https://www.reclameaqui.com.br/avenue-securities/cobranca-sem-aviso_Xg5l3cSaDsU8-cam/
"Sumiram com todo meu patrimônio, 45 dias tentando sacar meu dinheiro!","Em 25/01/2023 tentei fazer um câmbio USD/BRL para realizar um saque e informaram que eu não tinha limite. Solicitei o aumento do limite de câmbio, enviei toda a documentação solicitada e nada foi resolvido. No dia 07/02/2023, entraram em contato informando que o dinheiro ficaria bloqueado até que fosse enviado o IR retificado, o qual foi enviado no mesmo dia. Hoje, 10/03/2023, ainda não há solução e todo o meu patrimônio está simplesmente retido e bloqueado. Recursos necessários para pagamentos de todas as contas domésticas, escola, planos de saúde, cartões de crédito, um prejuízo financeiro e emocional incalculável. Já foram abertos chamados no BACEN e CVM.",10/03/2023 às 20:46,Respondida,ID: 160794553,conta,https://www.reclameaqui.com.br/avenue-securities/sumiram-com-todo-meu-patrimonio-45-dias-tentando-sacar-meu-dinheiro_vAqiGWMte3J9wtGM/
Irei fazer uma viagem a Europa do dia 13 de Março ao dia 1 de Abril,Espero não ter problemas ao tentar usar o cartão da empresa..,10/03/2023 às 15:30,Respondida,ID: 160774739,conta,https://www.reclameaqui.com.br/avenue-securities/irei-fazer-uma-viagem-a-europa-do-dia-13-de-marco-ao-dia-1-de-abril_TNjzF8ZlsK1nbMOv/
Cobrança sem prévio aviso,"Recebi um e-mail informando que estou negativo na conta da Avenue, sendo que meu plano é o gratuito, zero corretagem.

Eu não faço operações na avenue a mais de um ano, só estou mantendo minhas ações lá parada. Na verdade eu tinha um pequena saldo em dolares na conta, e hoje ao verificar a conta, esfou negativo?

O pior é que eu nem sei o porquê esta negativa a minha conta, tenteu conversar via chat do app, mas frustante foi descobrir que eles colocam um robô com repostas automáticas para atender seus clientes, em total ausência de empatia com os clientes.

Gostaria de um esclarecimento. Qual o motivo da cobrança?, e gostaria de pedir o estorno dessa cobrança, visto que até onde eu sei a conta é gratuita.

No aguardo.",10/03/2023 às 13:36,Respondida,ID: 160765199,cobrança,https://www.reclameaqui.com.br/avenue-securities/cobranca-sem-previo-aviso_poLX4Xg5eNQbimc-/
Abertura de conta sem autorização/violação da lei geral de proteção de dados,"Novamente a avenue só fez eu ter mais ciência de que não cumpre a lei, não tá nem aí pro seu cliente e ex clientes, reabriram indevidamente minha conta em 02/02/2023(conforme print do Registrato anexo) a qual  solicitei e foi confirmado fechamento em 04/04/2022 e foi confirmado o encerramento, ou seja ferindo a lei 13709 de proteção de dados, isso se chama [Editado pelo Reclame Aqui], pois não vem dizer que não foi reaberta nenhuma conta, pois esse registro no Bacen não caiu do céu, vcs reabriram minha conta indevidamente e informaram o banco central, agora se negam a fechar, se quer me mandaram um comprovante de encerramento e em 10/02/2023 vcs a disseram que tinha fechado, mais se passaram 30 dias da solicitação de encerramento da conta, conforme lei, e a conta ainda consta como aberta no Registrato, enfim só pensam em criar taxas e sua consolidação como a pior corretora do mundo, jamais terei conta com vcs, só quero que cumpram a lei",10/03/2023 às 08:03,Respondida,ID: 160738019,conta,https://www.reclameaqui.com.br/avenue-securities/abertura-de-conta-sem-autorizacao-violacao-da-lei-geral-de-protecao-de-dado_tAyxkVswxHPJipXe/
ABERTURA DE CONTA SEM A MINHA SOLICITAÇÃO,"Encerrei a minha conta com a Avenue em 19/01/2023, inclusive já não constava mais no relatório CCS do Banco Central.

Ao puxar o relatório em 10/03/2023 havia uma conta criada no meu CPF novamente, sendo que eu nem sequer tenho o aplicativo, e muito menos solicitei por algum canal a abertura de alguma conta com a aludida corretora.

É assustador alguém consegue fazer uma conta no meu nome, ou a Avenue criar uma conta pra mim sem a minha solicitação ou anuência.",10/03/2023 às 07:08,Respondida,ID: 160736339,conta,https://www.reclameaqui.com.br/avenue-securities/abertura-de-conta-sem-a-minha-solicitacao_6i7ygRen5mG7V2Os/
Não consigo fazer cambio nem transferir o valor de volta pra conta,"Olá, tenho conta com voces, coloquei um valor na conta Brasileira, mas nao consigo fazer cambio e nem TED de novo para minha conta. recebo o erro Falhou: cannotMoveMoney. Vocês alegam que há um bloqueio judicial, porem não há em nenhuma parte do site o local onde é possivel ver o bloqueio ou ter acesso a um documento da avenue onde posso apresentar o bloqueio a justica para suspende-lo. ",09/03/2023 às 09:19,Respondida,ID: 160666653,conta,https://www.reclameaqui.com.br/avenue-securities/nao-consigo-fazer-cambio-nem-transferir-o-valor-de-volta-pra-conta_A0HGqT2vl2XnuCrB/
Minha conta Avenue foi reaberta e conta no meu registrato,"Olá,

Havia encerrado minha conta na Avenue em 2022 e ao consultar meu registrato me deparei com a informação que minha conta foi ""reaberta"" no mês passado.

Solicito a imediata exclusão e encerramento de minha conta junto a Avenue, caso contrário irei formalizar uma reclamação junto ao Banco Central.

Desde já agradeço

Atenciosamente",09/03/2023 às 08:26,Respondida,ID: 160663135,conta,https://www.reclameaqui.com.br/avenue-securities/minha-conta-avenue-foi-reaberta-e-conta-no-meu-registrato_b7GCGrGcWF1IQP4b/
Quero cancelar essa conta,"um tempo atras já pedi para cancelar essa conta e ela apareceu no registrato esses dias como aberta

quero o cancelamento imediato",08/03/2023 às 12:32,Respondida,ID: 160610219,conta,https://www.reclameaqui.com.br/avenue-securities/quero-cancelar-essa-conta_cm4n806Jb2ZbJRdk/
Retirar dinheiro.,Estou há 15 dias tentando retirar meu dinheiro e não consigo. O ajuda só robô. Osso. Nunca mais!,08/03/2023 às 10:08,Respondida,ID: 160596729,dinheiro,https://www.reclameaqui.com.br/avenue-securities/retirar-dinheiro_L_UrGgaIcxmPn8hQ/
Minha conta foi reaberta do nada no registrato do banco central,"Prezado(a) atendente,

Venho por meio deste comunicado informar que encerrei a minha conta com a Avenue no dia 29/08/2022. Entretanto, essa semana verifiquei que a minha conta voltou a constar como ativa no registro do Banco Central.

Gostaria de esclarecer que fiz o encerramento da conta de forma correta junto a Avenue e gostaria de solicitar que o encerramento seja informado ao Banco Central, a fim de atualizar o registro e evitar quaisquer problemas futuros.

Peço, portanto, que tomem as providências necessárias para que a minha conta seja encerrada de forma completa e efetiva no registro do Banco Central. Agradeço a atenção e aguardo um retorno confirmando o encerramento.

Atenciosamente,

*******",07/03/2023 às 22:16,Respondida,ID: 160579333,conta,https://www.reclameaqui.com.br/avenue-securities/minha-conta-foi-reaberta-do-nada-no-registrato-do-banco-central_Q-qdSsgeFhCDJQjT/
Conta sem autorização,"Prezados,

Entrando no site do BACEN e visualizando as contas abertas em meu CPF, vejo uma conta aberta no dia 28/02/2023 61.384.004 - AVENUE SECURITIES DTVM LTDA. 28/02/2023.

Eu desconheço essa conta. Eu pergunto COMO foi aberta, e solicito já a imediata exclusão da conta.
",07/03/2023 às 17:00,Respondida,ID: 160558025,conta,https://www.reclameaqui.com.br/avenue-securities/conta-sem-autorizacao_KoW3hbvrxB7bYNoH/
Taxas de inatividade,"Tenho conta com a corretora Avenue desde janeiro de 2021 e a partir de agosto de 2022 a mesma vem cobrando Taxa de inatividade até o saldo da conta ficar negativo.  Mesmo que tenha valor investido a longo prazo, a Avenue realiza a venda de ativos para cobrir o saldo negativo. No final vc fica sem ativos e com saldo negativo. Liguei reclamando e a atendente não pode ajudar e informou que foi informado sobre a taxa em julho de 2022 e já cobraram a taxa em agosto de 2022. Absurdo!",07/03/2023 às 16:27,Respondida,ID: 160555155,cobrança,https://www.reclameaqui.com.br/avenue-securities/taxas-de-inatividade_5Zt73ZgBP03sjGs_/
Empresa mais cara do mercado,"Eles têm um jeito de ganhar dinheiro em todas as pontas. Existe uma taxa de inatividade cobrada por deixar a conta sem movimentar por mais de três meses. Para quem faz um único aporte de holding é uma grande cilada.
Suporte é péssimo. Empresa horrível para pequeno investidores.",07/03/2023 às 13:07,Respondida,ID: 160536849,conta,https://www.reclameaqui.com.br/avenue-securities/empresa-mais-cara-do-mercado_rzPEWoXNSjGDdEd5/
Problemas com cartão virtual,"O número do cartão virtual não aparece no App da ""Fintech"", já entrei em contato com a central de atendimento por telefone, e-mail, instagram, até com o fundado eu já falei e até agora nada de resolver meu problema. O app já não é dos melhores, há soluções bem mais interessantes e ainda por cima o suporte deixa muito a desejar. Nota 0 para a Avenue.",07/03/2023 às 08:33,Respondida,ID: 160510911,conta,https://www.reclameaqui.com.br/avenue-securities/problemas-com-cartao-virtual__d0-YnzkPyKVonw3/
Sem acesso à conta há mais de uma semana!,"Estou sem acesso à minha conta há mais de uma semana. Não consigo fazer o login na minha conta há mais de uma semana; não consigo alterar a senha, pois aparece uma mensagem ""falha ao realizar reset"", o que eu pesquisei e parece ser um problema comum na plataforma da Avenue. Entrei em contato diversas vezes por meio do chat e nada foi resolvido. Já liguei 3 vezes: na primeira, não realizaram. Na segunda, deram o prazo de 3 dias úteis para resolver. Na terceira e última, deram o prazo de 10 DIAS ÚTEIS! Absurdo! Estou totalmente indignado por ficar tanto tempo sem acesso a minha conta, sem poder movimentar meus ativos. Nunca tive uma experiência dessas com qualquer plataforma de investimento ou banco. Só espero conseguir acessar minha conta novamente e ter acesso ao valor que possuo lá.",06/03/2023 às 20:18,Respondida,ID: 160492613,conta,https://www.reclameaqui.com.br/avenue-securities/sem-acesso-a-conta-ha-mais-de-uma-semana_RMQBHMxSfJxwM1_n/
Sumiram com meu dinheiro!!!,"Tenho uma conta conjunta com meu esposo que é o segundo titular da conta e fiz um PIX para Avenue conforme as orientações, vi que meu dinheiro não caia na conta e entrei me contato com o chat na mesma hora e descobri que só posso transferir se for da conta do 1 titular, logo eles me informaram que iriam estornar o dinheiro até o final do dia. Isso foi lá pelas 10h do dia 01/03/23. Hoje dia 06/03 eles dizem não saber onde meu dinheiro foi parar, já mandei comprovante do PIX, eles me informam que o dinheiro caiu na conta deles, que eles devolveram para o ITAÚ e agora não sabe porque o ITAÚ não consegue descobrir onde está o meu dinheiro. Já abri 3 chamados e eles não me falam onde está meu dinheiro. Total falta de respeito. ",06/03/2023 às 10:38,Respondida,ID: 160440495,conta,https://www.reclameaqui.com.br/avenue-securities/sumiram-com-meu-dinheiro_AuYey8Q6YiCv6e2t/
Encerrar conta 61.384.004 - AVENUE SECURITIES DTVM LTDA.,"Acredito que eu já tenha encerrado essa conta, gostaria de que tirasse do meu registrato por favor!",05/03/2023 às 17:23,Respondida,ID: 160414619,conta,https://www.reclameaqui.com.br/avenue-securities/encerrar-conta-61-384-004-avenue-securities-dtvm-ltda_nD9yFDL5QwkR7dgq/
Informe de rendimentos sem informações,"Sou cliente Avenue desde 2020 , compro no exterior só pela Avenue e o câmbio tbm para não ter burocracias na hora de realizar o IRPF. Porém a Avenue tem pedido para os clientes colocarem o preco médio e data de compra de cada ativo em carteira. Palhaçada. Não solicitei transferência de custódia, a Avenue que quis transferir e ela tem todas as informações necessária. Só que prefere transferir a burocracia para os clientes. Uma bagunça . Na primeira oportunidade irei sair da Avenida. Péssimo atendimento, cheio de burocracias e nada ajuda os clientes. ",04/03/2023 às 08:44,Respondida,ID: 160363627,conta,https://www.reclameaqui.com.br/avenue-securities/informe-de-rendimentos-sem-informacoes_GO1oZnkJuvktXap8/
Cadastro não finaliza,"Boa tarde me chamo Maciel Há algum tempo   estou tentando finalizar meu cadastro na Avenue porém sem sucesso, tentei várias vezes mas a última etapa do processo não finaliza.Depois de muita luta consegui entrar no aplicativo porém tudo que eu vá fazer gera uma mensagem de erro tente  novamente em alguns minutos e nada zera tudo outra vez O chat não funciona e ao enviar email para o endereço informado na homepage do site (*******) recebo uma resposta automática de que a mensagem não pode ser enviada.Estou recorrendo ao Reclame Aqui pois já tentei pelos meios disponíveis o contato com a Avenue mas todos sem sucesso  só queria ter acesso total da plataforma para iniciar transações financeiras ",03/03/2023 às 18:18,Respondida,ID: 160343935,conta,https://www.reclameaqui.com.br/avenue-securities/cadastro-nao-finaliza_0_U_3Ns5Go4QW2qk/
Insatisfação com cartão internacional,"Bom dia,                 Gostaria de realizar um feedback quanto ao cartão AVENUE para uso no exterior, infelizmente após várias tentativas de uso em três países diferentes o mesmo não foi funcional, deixo aqui uma opinião quanto a uma análise mais próxima do que pode ter ocorrido para que se desenvolva e não gere insatisfação direta com os clientes, já fiz várias recargas para tentar utilizar no débito em outros países porém nunca funcional quando passado em estabelecimentos locais, sempre gerando algum problema, mesmo com aviso viagem cadastrado  um mês antes, tentei utiliza-los no Chile, equador, argentina porém com insucesso, já efetuei ligações em centrais de atendimento que também não souberam informar o que pode se tratar e que iriam dar algum retorno porém não obtive nenhuma, deixo o feedback apenas para que se dê uma devida importância a estes casos, hoje infelizmente solicito o encerramento da conta devido a que não fui atendido no que precisava, os únicos lugares em que se foi funcional foi em Mac donalds e Duty free, a insatisfação é que se gera confiança na funcionalidade e em tudo que se é informado e tantas facilidades que no fim, nada funcionou mais uma vez, confiamos que podemos ir tranquilos para outros países e utilizar a moeda adquirida pelo APP, o que ainda bem que tive cartões de terceiros com taxas maiores mas que funcionaram de fato, deixo o relato apenas para melhoria futura, em um mercado com tantas opções e concorrência acirrada, é importante a centralidade no cliente e devida atenção. Tentativas realizadas:Utilizar o cartão em modo créditoModo débitoValor mínimo de 1 USD, valor máximoLiberação por central e etc. Diego Cândido dos santos+ *******Email: *******",03/03/2023 às 12:56,Respondida,ID: 160320773,conta,https://www.reclameaqui.com.br/avenue-securities/insatisfacao-com-cartao-internacional_njRS-M05eTkTRWBq/
Promoção de câmbio,"A promoção iria até hoje, 03/03, contudo quando fui fazer o câmbio a promoção não estava ativa. Eu fiz e não geraram o desconto, provavelmente também não vou ganhar o cupom de 30% de desconto no câmbio até o final do mês.. Poderiam, por favor, rever?",03/03/2023 às 12:51,Respondida,ID: 160320459,conta,https://www.reclameaqui.com.br/avenue-securities/promocao-de-cambio_XXS9khx0fM9MQvXq/
Informe de rendimentos,"Fui tentar gerar meu informe de rendimentos como todo ano, porém hoje me deparo com o aviso que preciso regularizar pendencias para poderem emitir o documento. As pendencias seriam o preço médio e data de aquisição dos ativos. Entrei em contato pelo chat e simplesmente informaram que seria devido a transferência da carteira da Drivewealth para a Avenue. O problema é que essa migração dos clientes ocorreu anos atrás, tanto que os informes ficavam disponíveis. Em consulta a lista, estão todos ativos de minha carteira, inclusive ativos comprados somente após a mudança das corretoras. Bagunça essa que a Avenue parece não querer assumir a responsabilidade.",03/03/2023 às 11:12,Respondida,ID: 160312499,conta,https://www.reclameaqui.com.br/avenue-securities/informe-de-rendimentos_15qxlq1trLZhR-vw/
Gastos ocorridos em um furto não estão sendo estornados pela AVENUE,"Prezados, tive um furto na cidade de Londres, onde o cartão AVENUE foi [Editado pelo Reclame Aqui]. O mesmo foi bloqueado por mim, logo que detectei a sua falta. Porém, com a pessoa que pegou o cartão de forma desautorizada realizou dois gastos no cartão, utilizando a tecnologia CONTACT LESS. Essa ocorrência se deu no dia 26/01. No dia 27/01, já contactei a AVENUE, via chamado BANK-9910. Após várias trocas de e-mail, a AVENUE informou que nao daria continuidade ao meu chamado por falta de documentação, apenas de não informar qual documentação está pendente. ",02/03/2023 às 16:38,Respondida,ID: 160269203,dinheiro,https://www.reclameaqui.com.br/avenue-securities/gastos-ocorridos-em-um-furto-nao-estao-sendo-estornados-pela-avenue_rS3pBYV_AfL84rtf/
CARTÃO NO DEBITO NAO FUNCIONA EMPRESA NAO RESPONDE CHAT,"Estou com problema para utilizar o cartão virtual no Brasil. Da erro toda vez. Entrei em contato e me foi passado que exclusivamente. Porem o problema persiste, tanto na função crédito como débito. Estou tentando utilizar o meu dinheiro e não consigo.
Para resolver, tentei contato via chat, mas simplesmente não consigo falar com atendente, nem vi app, nem vi navegador. Preciso resolver o problema urgente.",28/02/2023 às 14:23,Respondida,ID: 160106353,cobrança,https://www.reclameaqui.com.br/avenue-securities/cartao-no-debito-nao-funciona-empresa-nao-responde-chat_afhfAlvneSXWCUjv/
Corretora não respeita seu cliente,"venho por meio dessa indignação reclamar o abuso que a reclamada vem praticando, ela agora está cobrando taxas de inatividade e o que mais me irrita é a taxa de cambio ser a partir de 200 reais, sendo que quando eu abri a conta não tinha nada disso, é um absurdo, e se a pessoa não tiver 200 reais ?  não investe ? e pior de tudo é não repassar isso de maneira clara e precisa para o consumidor, eu vou denunciar para a comissão de valores mobiliares isso e para o PROCON e nem adianta vim meter resposta automática para mim igual fizeram nas reclamações similares a minha por que vai ser completamente ignoradas, só reiterando para quem estiver lendo essa reclamação, fujam dessa corretora que não é transparentes com seus clientes, vão para o banco inter que lá se consegue investir no exterior com 100 reais, antigamente não tinha taxa de cambio na avenue agora tem e ninguem é obrigado a tamanho abuso",27/02/2023 às 14:28,Respondida,ID: 160027551,cobrança,https://www.reclameaqui.com.br/avenue-securities/corretora-nao-respeita-seu-cliente_Lp6uvBzaaUgPJd03/
Sem acesso a negociação para transformar dólares em reais da Avenue.,"Minha conta da Avenue não me deixa transformar meus dólares em reais e não consigo retirar um valor que preciso sacar para a minha conta do BB.

Nos dias e horários em que o mercado está fechado aparece a opção para transformar os dólares para reais mas, a opção fica congelada.
Nos dias que não está congelada nos horários de retirada como hoje 27/02/2023, aparece duas opções:
INVESTIMENTOS e BANKING E NENHUMA PARA TRANSFORMAR EM REAIS.
Não desejo nenhuma das 2 opções.
Quero transformar meus doláres em reais para transferir para a Conta do Banco do Brasil.",27/02/2023 às 13:36,Respondida,ID: 160022415,cobrança,https://www.reclameaqui.com.br/avenue-securities/sem-acesso-a-negociacao-para-transformar-dolares-em-reais-da-avenue_xS11BiaTZavyJD1k/
Retirada de valor e dificuldade para cancelamento de conta,"No dia 24/02 solicitei  via email  o câmbio de um valor que se encontra na corretora ($5,19)para realizar transferência para uma conta cadastrada. Porem informa que o limite de câmbio é $0,00. Onde o objetivo era a retirada desse valor para cancelar minha conta Avenue. Entretanto até a data de hoje a empresa não me respondeu. Sendo que minha conta está lá parada devido ao fato de não ter mais interesse e ter uma conta nesta empresa. Além do fato de ter meu dinheiro taxado por inatividade da conta. Quero uma solução da empresa para cancelar minha conta o mais rápido possível ",27/02/2023 às 11:51,Respondida,ID: 160012787,conta,https://www.reclameaqui.com.br/avenue-securities/retirada-de-valor-e-dificuldade-para-cancelamento-de-conta_azZ4afSAYV5LbVQc/
CONTA BLOQUEADA PARA SAQUE,"Precisei trocar as informações da minha agência que antes era Santander, agora é Itaú.
Fiz isto já à mais de mês, já até envie dinheiro por esta conta nova, mas precisei tirar uma pequena reserva para o dia e não consegui sacar.
A atendente informou que estava em análise, mas não sei que análise eterna é essa que até hoje ainda não consigo sacar nada.
Pensei que essa AVENUE fosse boa e rápida pela recomendação de um amigo, mas com meu dinheiro preso, estou até com medo de investir mais nela.
Fora o dia que vendi as ações da Meta e ela tirou foi as que eu tinha da Apple e da Google e botou tudo disponível para saque.
O Sistema deles fez uma lambança tão inexplicável que peguei o valor que tinha e reinvesti no Google.
Agora eles vem com essa história de conta em análise,.
A AVENUE é que tem que ser analisada depois desses bugs no sistema.
Sra. Instituição AVENUE, podem tratar de agilizar essa análise e disponibilizar minhas transações, pois se vocês se consideram banco de Investimento, comportem-se como tal, com a agilidade que Banco de Investimento tem que ter.",27/02/2023 às 11:47,Respondida,ID: 160012339,conta,https://www.reclameaqui.com.br/avenue-securities/conta-bloqueada-para-saque__WIozBpD9EMWEXV8/
Meu investimento sumiu!,"Meu investimento sumiu, não vejo meu investimento na minha carteira e nada no extrato, simplesmente sumiu. O chat não conseguiu ajudar nem respondem email.",24/02/2023 às 15:41,Respondida,ID: 159895329,conta,https://www.reclameaqui.com.br/avenue-securities/meu-investimento-sumiu_JHoVf--Io-f5sDhS/
Conta negativa,"Entrei na minha conta da Avenue, para fazer uma operação porém percebi que o saldo esta negativo. sem informar o porque da conta negativa, ao pesquisar notei que tem diversas reclamações por isso, gostaria que minha conta fosse normalizada para que eu possa continuar utilizando a plataforma. aguardo um retorno ou um demonstrativo do porque está negativa.",21/02/2023 às 12:01,Respondida,ID: 159683303,conta,https://www.reclameaqui.com.br/avenue-securities/conta-negativa_7s5rZgA5R8wZmri6/
Não consigo resolver problemas de acesso na minha conta,"Estou tentando recuperar a senha de acesso da minha conta, mas ao inserir o email de recuperação, é exibido uma mensagem de erro, no site e no app. Após tentar várias vezes entrar em contato com a AVENUE, não obtive sucesso, não consigo resolver.
Espero resolver isto o quanto antes.",20/02/2023 às 18:12,Respondida,ID: 159661251,conta,https://www.reclameaqui.com.br/avenue-securities/nao-consigo-resolver-problemas-de-acesso-na-minha-conta_cbTuAPkz2arDZYwJ/
Avenue liquida posição de cripto sem aprovação do cliente,"No dia 16/02/2023 a AVENUE liquidou uma posição da crypto HARMONY ONE
qtda. 3******* no valor de $0.02593 creditando $8.54.
A posição foi aberta no mês 04/2022 e o valor aportado foi em torno de $35 (pequeno, mas é dinheiro). Um holder de cripto quando investe em um projeto pequeno mas que tem potencial no longo prazo, não abre posição para se desfazer com menos de 1 ano. O resultado da falta de compromisso e irresponsabilidade da
plataforma gerou um prejuízo de -$26.
.
Ai você pergunta para o atendente no chat por que a ordem de venda ter sido lançada sem autorização do cliente, ele diz: ""Esta moeda foi deslsitada da plataforma por não atender os requisitos mínimos de nossa custodiante Apex Crypto""
.
Ai vem a segunda pergunta: ""E o prejuízo, é do cliente???"" Diz o atendente: ""Foi enviado um email na semana anterior informando sobre esta deslistagem""
.
Que e-mail???.é muito fácil a empresa dizer que avisou por e-mail, quando na verdade esse e-mail nunca chegou.
Então assim, foi um [Editado pelo Reclame Aqui] duro pra dizer que NÃO COMPRE cripto de corretoras que não permitem você custodiar os seus próprios tokens. ""Not your keys, not your coins"" Para a minha sorte eu abrir só duas posição de $35 em duas criptos, mas ficou a lição
Pra mim foi um desrespeito com o cliente, não ter sido dado a oportunidade do cliente custodiar a sua cripto. E o prejúizo é TEU!!! TE VIRA!!!",17/02/2023 às 19:29,Respondida,ID: 159567093,conta,https://www.reclameaqui.com.br/avenue-securities/avenue-liquida-posicao-de-cripto-sem-aprovacao-do-cliente_2auolCo0fE7g-14D/
Não está funcionando a retirada de dinheiro,"Estou a 2 semanas tentando retirar dinheiro da Avenue porém o sistema apresenta um erro, não consigo contato com ninguém pelo aplicativo.",17/02/2023 às 12:36,Respondida,ID: 159541071,dinheiro,https://www.reclameaqui.com.br/avenue-securities/nao-esta-funcionando-a-retirada-de-dinheiro_1b0jhGIdLsdJp0kS/
Empresa negligência o cliente,"Cada dia mais tenho a certeza de que a corretora é uma das piores pra ser ter conta, além de cobrar caríssimo por todo e qualquer serviço existente, não respeita a lei de proteção de dados, encerrei minha conta ano passado e mesmo assim ela foi reaberta na coin dtvm, já reclamei ligando na empresa, aqui no reclame aqui novamente e não resolvem, quero que minha conta seja totalmente encerrada e me enviem o comprovante, bem como seja dado baixa no Bacen, caso contrário irei acionar a CVM, que isso não é um caso isolado, há diversas reclamações aqui de reabertura de conta encerrada sem autorização ",16/02/2023 às 12:52,Respondida,ID: 159475129,conta,https://www.reclameaqui.com.br/avenue-securities/empresa-negligencia-o-cliente_HmpZIwUWTplz-mkv/
Taxa de inatividade sem aviso,"Fui surpreendido hoje (16/02) com um e-mail dizendo que meu saldo estava negativo. Não encontrei em absolutamente nenhum lugar (app e site) dizendo sobre o que se trata a cobrança. Ao tentar ir ao chat para entender, você é colocado para conversar com um bot que não tem opção automática para esta situação e ao clicar em falar com atendente nada acontece. Só descobri do que se trata ao ler outras reclamações por aqui. Falaram que enviaram e-mail para toda a base de clientes avisando mas, ao que parece, houve algum problema porque eu e outros vários não recebemos e-mail algum avisando sobre a mudança e implementação de taxa. O correto seria postergar a cobrança desta taxa, avisar APROPRIADAMENTE os usuários (inclusive com notificação ou informação de fácil acesso no app) e retirar esses valores cobrados por agora. Pretendo cancelar a conta caso isso não venha a ocorrer.",16/02/2023 às 12:44,Respondida,ID: 159474569,cobrança,https://www.reclameaqui.com.br/avenue-securities/taxa-de-inatividade-sem-aviso_-cCctmrWNc9m4xiJ/
Impossível cancelar conta,"Fui surpreendido hoje com um email da Avenue dizendo que meu saldo está negativo.
Entrei na plataforma e vi uma ""taxa de inatividade"" entre outras cobranças estranhas. Tenho apenas 2 ações lá. Tentei vendê-las mas não consegui. Tentei contato por chat, email e telefone mas ninguém responde.
Só quero encerrar minha conta. Não quero ficar numa corretora que faz cobranças surpresas e que não atende o cliente.",16/02/2023 às 11:24,Respondida,ID: 159467543,conta,https://www.reclameaqui.com.br/avenue-securities/impossivel-cancelar-conta_eScIoO6ZVyLHhPba/
Sistema e atendimento péssimo,"Sistema está péssimo, tanto o online quanto o mobile. Não está carregando os dados dos meus investimentos. Se não bastasse, o atendimento não existe, tem um robo (bem fraco, com respostas predefinidas) que não passa para o atendente e a opção para ver o meu caso não existe. Fico em um loop. Sinceramente estou considerante tirar meus investimentos de lá e vou buscar outra corretora, perdi a confiança. ",15/02/2023 às 16:53,Respondida,ID: 159421605,conta,https://www.reclameaqui.com.br/avenue-securities/sistema-e-atendimento-pessimo_ilTUhd--fXz1bMi9/
Cobrança de inatividade Avenue. Não recebi nenhuma notificação no dia 04/07/2022 da avenue conforme eles dizem ter enviado.,"Hoje fui surpreendido com um email dizendo que estava com saldo negativo. Entrei no aplicativo e descobri que existe cobrança agora de taxa de inatividade de USD 0,50 por mês. Entrei em contato e me disseram que informaram a todos os cliente sobre essa cobrança. Disse que recebo todos os email da avenue e que nunca tinha recebido a informação de que passaria a ser cobrada taxa de inatividade. Pedi que me comprovasse o envio do email e me disseram novamente, e, de forma genérica que foi enviado para todos os clientes da base de dados. Pelo número de reclamações, acho muita gente não deve ter recebido o referido email.
Assim solicito seja enviada a comprovação do envio do email para o meu email e seja informado qual o procedimento para a transferência de custódia e encerramento da conta de investimento.",15/02/2023 às 16:23,Respondida,ID: 159419237,cobrança,https://www.reclameaqui.com.br/avenue-securities/cobranca-de-inatividade-avenue-nao-recebi-nenhuma-notificacao-no-dia-04-07_YO6wOOmyrh-vlxHJ/
Não fizeram meu reembolso conforme o prometido e não me deram nenhuma satisfação!!!,"Boa tarde! Deixo aqui a minha indignação com a Avenue que não cumpriu o combinado comigo. A empresa me deu a informação conforme arquivo em anexo, que o valor que me foi estornado cairia na minha conta em até 3 dias úteis.
Solicito uma data de quando irão estornar o valor acordado comigo.
É vergonhoso uma empresa de investimentos não honrar a sua palavra. Quero que resolvam meu problema o mais rápido possível!",14/02/2023 às 18:32,Respondida,ID: 159354155,conta,https://www.reclameaqui.com.br/avenue-securities/nao-fizeram-meu-reembolso-conforme-o-prometido-e-nao-me-deram-nenhuma-satis_AQa2clLwcXii-A2E/
Não estou conseguindo entra ma minha conta,"Faz alguns meses que não entro na minha conta, e durante esse tempo eu troquei de número, atualmente eu não consigo entra, gostaria de troca meu número ",14/02/2023 às 18:21,Respondida,ID: 159353387,conta,https://www.reclameaqui.com.br/avenue-securities/nao-estou-conseguindo-entra-ma-minha-conta_VYKyXMQYydtvi51F/
Cadastro no Registrato,"Notei em consulta recente ao Registrato, do Banco Central, o cadastro de meu CPF na empresa Coin-Distribuidora de Títulos e Valores Mobiliários LTDA (CNPJ 61.384.004), com início do relacionamento em 25/01/2023 e término em 01/02/2023.

Gostaria de saber a que se refere esse cadastro iniciado e encerrado em poucos dias, já que não encerrei nada?",14/02/2023 às 18:17,Respondida,ID: 159353125,conta,https://www.reclameaqui.com.br/avenue-securities/cadastro-no-registrato_vJWALaqrWGrD_pLT/
Quantidade de compras.,"Boa tarde,

Quantas ordem posso enviar?",14/02/2023 às 17:06,Respondida,ID: 159347781,conta,https://www.reclameaqui.com.br/avenue-securities/quantidade-de-compras_JObv7WlMPKKr1bu7/
Fui cobrada duas vezes pela mesma transação,"No dia 10/02/2023, fiz uma compra de ingresso pela internet e fui cobrada duas vezes pela mesma transação, como se vê no print em anexo. Já tentei atendimento por email, por chat, e não consigo contato. Espero resolver através do Reclame aqui! ",14/02/2023 às 16:18,Respondida,ID: 159343539,dinheiro,https://www.reclameaqui.com.br/avenue-securities/fui-cobrada-duas-vezes-pela-mesma-transacao_elGVxYJL7kWTCmji/
"Entrega de cartão, nunca solicitado e que nunca recebi","Recebo e-mails da Avenue falando da entrega de um cartão de crédito que nunca solicitei.
Nunca fui cliente da Avenue.
Tentei atendimento pelo email e Whatsapp e nunca tive retorno.",13/02/2023 às 16:08,Respondida,ID: 159262995,conta,https://www.reclameaqui.com.br/avenue-securities/entrega-de-cartao-nunca-solicitado-e-que-nunca-recebi_V4Y5qD_UVa-wXpIj/
Não entendo porque estou negativado na conta Banking.,"Era para eu ter U$83,25 no meu cartão de débito Avenue e agora apareço com um saldo negativo de $283,25 na conta banking. Aparecem no extrato várias compras duplicadas na cobrança. Quero saber o porque disso e quando terei meu dinheiro de volta? Não consigo realizar chamadas pelo telefone.",13/02/2023 às 13:43,Respondida,ID: 159248935,conta,https://www.reclameaqui.com.br/avenue-securities/nao-entendo-porque-estou-negativado-na-conta-banking_SOhT4yQXC9SIIQaj/
"Erro na plataforma, cliente assume prejuizo","Vendi um ativo na plataforma da Corretora Avenue em 27/01 e dia 06/ 02 ,o ativo volta para minha conta por um erro no sistema deles. Desde do dia 06 estou em contato via email e telefones e hoje sou avisada que o ativo não foi vendido por erro da plataforma e só hoje passado mais de uma semana sem ter como vender esse ativo ,fui informada que hoje poderei vender o ativo com prejuízo que eu cliente terei que arcar sozinha!!!!
Corram dessa corretora! É um absurdo sem igual , insegurança total!",13/02/2023 às 13:34,Respondida,ID: 159248069,conta,https://www.reclameaqui.com.br/avenue-securities/erro-na-plataforma-cliente-assume-prejuizo_MJceOdETx6HrtO9J/
Tarifas abusivas,"Quando abri minha conta na avenue, a empresa tinha taxa grátis para corretagem, e não tinha taxa de inatividade. Com o tempo a empresa foi colocando taxas e mais taxas a ponto de ficar totalmente inviável investir na mesma, pois cobram 2,50 dólares para cada compra ou venda de ativos e ainda cobram taxas de inatividade e liquidam seus ativos sem sua autorização. Total falta de respeito com o cliente. Estarei encerrando minha conta e irei para o concorrente que trabalha com taxa grátis.",13/02/2023 às 11:48,Respondida,ID: 159238297,dinheiro,https://www.reclameaqui.com.br/avenue-securities/tarifas-abusivas_uDTgFN5mIvBdUX-T/
Tarifas abusivas,"Fui para o Paraguai e levei o cartão de débito da avenue pra não ter q andar com dinheiro, fiz uma compra de 2.390,00 dólares que virou 2.564,90. Estou encerrando a minha conta, recomendo que todos façam, a Wise ou o C6 não tem essas taxas, um absurdo, tanta raiva que arruinou meu passeio, espero que vá a falência, bando de [Editado pelo Reclame Aqui]dos",07/02/2023 às 11:01,Respondida,ID: 158878035,dinheiro,https://www.reclameaqui.com.br/avenue-securities/tarifas-abusivas_uDTgFN5mIvBdUX-T/
Nova conta para transferência,"no dia 31/01/2023,a Avenue me enviou um email, informando que teria que realizar novos depositos atraves de uma nova conta, desde  então, nao consigo mais realizar as trasferencias, ja falei no chat, mandei print, mandei varios emails e ninguemresolve meu problema, já tentei com dois bancos diferentes e da erro, o pix informado é invalido, e ninguem me ajuda a resolver",13/02/2023 às 08:34,Respondida,ID: 159220779,conta,https://www.reclameaqui.com.br/avenue-securities/nova-conta-para-transferencia_ua1eDqcWvKFhzS08/
Suporte horrível,"Vamos lá!

Tudo começou a alguns dias atrás, eu tinha umas ações precisa do dinheiro de volta, fazia tempo que tinha investido, justamente em uma ação que me paga dividendos, ok, fui vender essas ações, valores pequenos pois eu era apenas um entusiasta vamos dizer assim, sem um aporte grande.

O problema começou na venda, vendo as ações e então o valor ficou no montante mas do nada sumiu, chamei o suporte, então, me falaram que eles cobraram uma TAXA de ausência ou algo do tipo, que pra mim não faz o menor sentido mas né. Fiquei tão revoltado que apenas queria excluir a conta remover, ficou uma quantidade irrisória de dólares mesmo não iria fazer diferença.

Não deixaram eu excluir a conta pois tinha que ter o saldo zerado. Alguns dias depois apareceu um valor na minha conta, ficou um valor por volta de 60 dólares por aí. Pensei em tirar logo pra não ter esse problema, fui retirar, mas meu limite de câmbio é baixo então não foi o valor total, quando eu removi da conta investimento para conta banking a conta investimento ficou negativada no valor de -21 e pouco, então agora 3 dias atrás sumiu simplesmente todo meu valor.

Entro em contato com suporte não tenho resposta nenhuma de ajuda, eu poderia contar mais detalhado, mas, já estendi muito. Então, sumiu meu valor, suporte não responde com solução concreta, informaram que era erro de visualização, sendo que aparece notificação de transferência de um valor as 09:00 e alguma coisa, que eu NÃO FIZ, sem mais nem menos.

DE ONDE SURGIU ESSA TRANSFERÊNCIA?

CADE O VALOR?

A SOLUÇÃO?

TOTAL DESCASO, SUPORTE DEMORADO, SOLUÇÃO ZERO!!",13/02/2023 às 06:37,Respondida,ID: 159217873,conta,https://www.reclameaqui.com.br/avenue-securities/suporte-horrivel_CbS9nhjVWsKaXlUt/
Exclusão de conta,"Solicitei o cancelamento da conta Avenue dia 2 de Fevereiro 2023 por telefone, o atendente após concluir o processo de cancelamento informou que teria um prazo de ate 5 dias para exclusão e que eu ia receber um e-mail informando a conclusão do processo de cancelamento.

Eu ainda não recebi este e-mail gostaria de saber se consta como excluída, se sim gostaria de receber um e-mail ou uma confirmação junto a um protocolo confirmando e comprovando a exclusão da conta.",11/02/2023 às 07:45,Respondida,ID: 159153859,conta,https://www.reclameaqui.com.br/avenue-securities/exclusao-de-conta_F7kEZi6Ouvtd8JDJ/
Taxas implementadas após a contratação,"A Avenue está agindo de[Editado pelo Reclame Aqui] com as pessoas que abriram contas de investimentos com eles após as diversas propagandas. Não haviam taxas, mas após um determinado tempo incluíram uma taxa de inatividade, sem comunicar aos clientes. Investi em algumas ações para não mexer em curto prazo, quando acessei a conta, estava com saldo negativo. Não somente isso, eles vende ações compulsoriamente para quitar o saldo negativo. Ou seja, vc aplica o seu dinheiro e perderá pagando taxas e mais taxas para eles.
Existem diversas outras corretoras que não cobram. Estão indo totalmente contra ao que o mercado está oferecendo.
Taxas para transferencias altíssimas também, mas ainda assim com prejuízo, encerrarei a minha conta.",10/02/2023 às 15:49,Respondida,ID: 159126393,conta,https://www.reclameaqui.com.br/avenue-securities/taxas-implementadas-apos-a-contratacao_mjXdG-QF667Blq9K/
Não é possível fazer retirada da conta brasileira na Avenue.,"Estou tentando efetuar a retirada de um valor que está na conta brasileira na Avenue para uma conta no Brasil. Havia cadastrado a Nubank, mas o dinheiro acabava voltando para o saldo da conta brasileira. Recebo uma mensagem na plataforma da Avenue dizendo ""Retirada iniciada"", mas logo o valore reaparece na aba ""saldo"" da conta Brasileira. Preciso desse valor URGENTE e tudo o que eu consigo de atendimento é o Marvin, um robô que não entende o caso todo.
Agradeço muitíssimo se pudermos resolver isso ainda no dia de hoje (10.02).",10/02/2023 às 12:27,Respondida,ID: 159110441,conta,https://www.reclameaqui.com.br/avenue-securities/nao-e-possivel-fazer-retirada-da-conta-brasileira-na-avenue_DM-gEM53Nxt93Pgk/
Saque não efetivado e cobranças indevidas de tarifa,"Boa tarde!

No último dia 03/02 solicitei uma transferência/saque de minha conta na Avenue para outra conta, ciente da taxa de 25 dolares de transferência.

Minha surpresa foi acessar a conta hoje e perceber que o dinheiro retornou só que com um valor menor (cerca de 75 dolares). Quando tirei o extrato vi várias cobranças e estornos, no entanto além de ""sumirem"" com 75 dolares de minha conta, agora o dinheiro está parado sem que eu consiga movimentar até eles identificarem o que aconteceu.",09/02/2023 às 12:14,Respondida,ID: 159036987,conta,https://www.reclameaqui.com.br/avenue-securities/saque-nao-efetivado-e-cobrancas-indevidas-de-tarifa_nKiA-fO5AxEm5rKH/
Conta e cartão entregue sem solicitação,"Acabei de receber um e-mail dizendo que meu cartão foi entregue, porém nunca solicitei conta e nem cartão. ",09/02/2023 às 08:08,Respondida,ID: 159017585,conta,https://www.reclameaqui.com.br/avenue-securities/conta-e-cartao-entregue-sem-solicitacao_CIatu-_K_wo6ggm4/
Não consigo finalizar o cadastro,"Criei a conta e passei pelo processo de informações da conta, mas na parte dos dados pessoais quando vou finalizar ocorre o erro ""Algo deu errado, tente novamente em instantes"". Já faz dias que tento finalizar o cadastro pra começar a investir e não consigo",09/02/2023 às 03:23,Respondida,ID: 159014361,cobrança,https://www.reclameaqui.com.br/avenue-securities/nao-consigo-finalizar-o-cadastro_aRt8vTUpzpLAqXM0/
cartão não solicitado,"Recebi um email hoje, 8.2.23, dizendo que meu cartão foi entregue e procedimentos para desbloquea-lo.
Nunca solicitei esse cartão, e tampouco foi entregue.
Peço que cancelem urgentemente.",08/02/2023 às 21:30,Respondida,ID: 159005881,conta,https://www.reclameaqui.com.br/avenue-securities/cartao-nao-solicitado_iaZix1SI1D9Txmno/
Avenue card enviado sem ter solicitado,"Hoje, dia 08/02/2023, eu recebi um e-mail dizendo que o cartão avenue não foi entregue no endereço solicitado, porém eu não solicitei qualquer cartão dessa empresa ou mesmo tenho algum vínculo.
O telefone só fica na espera e ninguém atende.",08/02/2023 às 19:44,Respondida,ID: 158999529,conta,https://www.reclameaqui.com.br/avenue-securities/avenue-card-enviado-sem-ter-solicitado_nrhMNWO3H8Xd6i08/
Conta que não criei,"Hoje dia 8/02/23, recebi um email da Avenue informando que meu cartão Avenue foi entregue, sendo que não criei conta na Avenue, e não recebi nenhum cartão, quero respostas",08/02/2023 às 19:23,Respondida,ID: 158998247,conta,https://www.reclameaqui.com.br/avenue-securities/conta-que-nao-criei_WCCKBO_XWnyjNtM7/
Sistema Câmbio,"Dólar cai, sistema Avenue Cai. Absurdo. Sempre assim.",08/02/2023 às 09:22,Respondida,ID: 158946645,conta,https://www.reclameaqui.com.br/avenue-securities/sistema-cambio_IQcCZcRcUqtbdYBs/
Desinteresse em ter-me como cliente,"A Avenue cobra taxa escorchante para emissão do cartão, porém, abre exceções, que o digam as reclamações com essa resposta aqui no RA. No meu caso, parecem pouco quererem-me como cliente, pois não quiseram ter qualquer flexibilidade, mesmo eu indicando que viajaria, como já ocorreu em outro caso (ID: 136531087), nem mesmo ofereceram valores de depósito mais atrativos (ID: 137612511), casos em que já concederam cartão a outros cliente apenas por isso. Assim, oferecem condições diferenciadas seletivamente. Veja que estava disposto a trocar alguns dólares mesmo após ter adicionado US$ 2000,00 na Nomad e tendo cartão físico da Wise e BS2, e nem assim pareceram desejar-me como cliente. Ressalto que fiz contato pelo chat há pouco, o que tenho registrado, da mesma forma que posso comprovar que realmente realizei transação em conta concorrente pelo fato de ter cartão físico. Deste modo, é incompreensível que isso seja assim. É frustrante, no mínimo.",07/02/2023 às 23:29,Respondida,ID: 158935431,conta,https://www.reclameaqui.com.br/avenue-securities/desinteresse-em-ter-me-como-cliente_W_h1cl8NqRohghd-/
Não consigo fazer cambio Dólar- > Real e retirar meu dinheiro,"Tenho uma conta na Avenue e vendi todas as minhas ações, tentei depois de alguns dias fazer a o cambio pra real novamente e retirar o dinheiro mas o meu saldo em dólar aparece como $0,00, entrei em contato com atendente que depois de muita demora não me ajudou em nada, pediu meus dados meus prints e pediu pra entrar no 4g e tentar novamente o que não adiantou nada. Gostaria de retirar todo meu dinheiro e finalizar minha conta.",07/02/2023 às 14:38,Respondida,ID: 158898865,dinheiro,https://www.reclameaqui.com.br/avenue-securities/nao-consigo-fazer-cambio-dolar-gt-real-e-retirar-meu-dinheiro_2tVK3GHsK7030EKG/
Sumiram ativos do meu portfólio,"Fui acessar a conta da Avenue esse mês e 6 cotas de um ativo específico desapareceram da minha conta. Entrei em contato com o suporte por e-mail e eles não me responderam nada, apenas ressarciram em dinheiro o equivalente ao valor do ativo. Acontece que eu já fiz as 3 compras máximas para o mês e não poderei fazer uma quarta sem tormar uma corretagem de 2,50 dólares.
Solicito portanto a devolução não do valor equivalente mas das 6 cotas do ativo que era meu ou ao menos que a corretora me ofereça mais uma corretagem grátis para eu comprar com o dinheiro ressarcido aquilo que já era meu sem prejuízo financeiro.
Imagens em anexo.",06/02/2023 às 18:42,Respondida,ID: 158839519,conta,https://www.reclameaqui.com.br/avenue-securities/sumiram-ativos-do-meu-portfolio_1Vi60Nxik0BQDTBa/
Não consigo investir,"No dia 25 de janeiro fiz o cambio de real para dolar e desde entao não consigo fazer um investimento pois sempre aparece a mensagem que estou sem poder de compra ,gostaria de saber por que se tenho dinheiro na conta ?
e aproveitando gostaria de saber por que o valor para eu fazer cambio do dolar para real ,o meu dinheiro fica bem abaixo do valor de quando havia depositado em real",06/02/2023 às 15:19,Respondida,ID: 158821773,dinheiro,https://www.reclameaqui.com.br/avenue-securities/nao-consigo-investir_IJl752MPi_qBg6EY/
Não consigo atendimento,"Tenho uma conta na Avenue, fui fazer o aporte do mês e não consegui e aí descobri que a corretora não está atendendo em nenhum telefone disponível.
Diante do mal atendimento quero encerrar minha conta e não consigo.
Quero reaver o meu dinheiro, vender os ativos e nada funciona nesse aplicativo.
O chat também não funciona.
",06/02/2023 às 13:57,Respondida,ID: 158813541,conta,https://www.reclameaqui.com.br/avenue-securities/nao-consigo-atendimento_Fe2MYoVni2EGF4sm/
Não consigo sacar o meu dinheiro,"Consta que eu tenho um valor em patrimônios nos EUA, mas não tem a opção de sacar ou retirar meu dinheiro. ESTOU IMPOSSIBILITADO DE RETIRAR O MEU DINHEIRO. O valor está em conta em investimento, mas não tem como retirar ou cambiar ele para minha conta pessoal. ",06/02/2023 às 09:15,Respondida,ID: 158787171,conta,https://www.reclameaqui.com.br/avenue-securities/nao-consigo-sacar-o-meu-dinheiro_Q24gRT3PJx0-qBia/
Conta desconhecida no Registrato,"Olhei hoje no meu registrato e consta lá uma conta aberta em nome de COIN-DISTRIBUIDORA DE TITULOS E VALORES MOBILIARIOS LTDA (pesquisando no Google vi que é uma empresa do grupo Avenue) não tenho mais conta com a Avenue. Eu tinha uma conta da Avenue e já encerrei ela, porém aparece outra conta com esse nome. Podem verificar por gentileza que conta é essa, pois desconheço e solicito que seja encerrada imediatamente.",05/02/2023 às 15:59,Respondida,ID: 158766699,conta,https://www.reclameaqui.com.br/avenue-securities/conta-desconhecida-no-registrato_twDvQ-0cVDsfeZm-/
Problema no Aviso de Viagem,"Estou em viagem em Bahrain, cadastrei o aviso de viagem mas o cartão não passa.  Por conta disso, estou tendo q passar o cartão de crédito local.  O custo do IOF desnecessário a Avenue vai me ressarcir?!?! Uma [Editado pelo Reclame Aqui] isso ",05/02/2023 às 15:13,Respondida,ID: 158765481,cobrança,https://www.reclameaqui.com.br/avenue-securities/problema-no-aviso-de-viagem_rt4gpJHhgIu46PUR/
No dia da baixa história do dolar avenue não executou minha compra de câmbio e gerou prejuizo,"Realizei com muito custo a compra de cambio em 02/02 na plataforma,  e mais tarde descobri que a compra foi rejeitada. Nenhuma explicação dada, o atendimento é um caos, e pela primeira vez.na vida vi uma empresa que te enfilera para falar com robô. Desejo a execução da compra do câmbio, nos termos registrados e mais tarde recusados, sem motivações ou esclarecimento. ",03/02/2023 às 20:27,Respondida,ID: 158706447,conta,https://www.reclameaqui.com.br/avenue-securities/no-dia-da-baixa-historia-do-dolar-avenue-nao-executou-minha-compra-de-cambi_wfWz9aaGwp3m1C33/
Indisponibilidade do serviço frente a boas oportunidades no câmbio,"Ratifico aqui reclamações de outras pessoas vistas nesta plataforma.
Ontem o dólar chegou em um valor muito atrativo para compra e o sistema da AVENUE simplesmente ficou INDISPONÍVEL.

Isso nunca tinha acontecido antes, pelo menos comigo, o que faz suspeitar da IDONEIDADE dessa empresa, onde depositamos não apenas CONFIANÇA, mas nosso SAGRADO SUOR.

Vi em outras respostas a reclamações semelhantes que se tratou de ""uma inconsistência nas operações de câmbio impossibilitando sua execução na plataforma"". Que inconsistência é essa? O consumidor não é idiota. Esse tipo de postura não é de empresa grande.

Vou repensar o local dos meus investimentos.",03/02/2023 às 18:52,Respondida,ID: 158701755,conta,https://www.reclameaqui.com.br/avenue-securities/indisponibilidade-do-servico-frente-a-boas-oportunidades-no-cambio_DTmE-1j44IguF-bm/
"Ano passado fiz uma conta na Avenue para investir, mas agora estou com saldo negativo e não consigo liquidar o que tenho.","Boa tarde tenho uma conta com vcs , e não tem suporte pelo app.
Ano passado fiz uns investimentos pequenos mas retirei , e acabei deixando poucos valores que nao consegui vender, hj está dando um saldo negativo de 3 dolares e tenho 5 em ações , não estou conseguindo liquidar as ações para pagar esse negativo, coloquei até 15 reais na conta brasileira mas não da para tranferir para a conta americana, gostaria de liquidar e cancelar minha conta.
Podem me ajudar por favor.",17/02/2023 às 10:51,Respondida,ID: 159532343,cobrança,https://www.reclameaqui.com.br/avenue-securities/ano-passado-fiz-uma-conta-na-avenue-para-investir-mas-agora-estou-com-sald_5rb86ZznZmKAUAYN/
Empresa desorganizada,"Abri uma conta na Avenue no dia 15 fev 2023, quando apresentei os documentos exigidos - RG e comprovante de residência em nome de minha genitora. Quando a abertura foi APROVADA depois da análise dos documentos exigidos. Como tb tenho conta em Portugal, onde resido PARTE do ano, tentei cadastrar a conta sem sucesso. Diante da situação, entrei em contacto com a chat da Avenue onde um atendente chamado TOMÁS tentou auxiliar no cadastro da conta internacional, e em determinado momento da conversa chegou a indagar aonde ficava meu domicílio fiscal, donde afirmei que apesar de morar parte do ano em Portugal, minha residência fiscal ficava no Brasil, onde eu declarava o IRPF normalmente, já que sou oficial de Polícia reformado, e que tinha inclusive residência física onde passo parte do ano. O problema do cadastro da conta internacional não foi resolvido e ele me aconselhou a fazer um primeiro depósito a fim de tentar destravar o cadastro. Agradeci e esperei o dia seguinte para fazer o depósito e tentar novamente cadastrar minha conta. Fiz um pix de teste de depósito e logo após, como tudo ocorreu certo, fiz um primeiro TED de R$ 50.000,00, que é o limite permitido pelo meu Banco, e passei a verificar o câmbio do dólar para fazer a primeira remessa para a miha conta investidor da Avenue recém aberta. Como o câmbio tinha subido um pouco, resolvi esperar para ver se melhorava. A noite, depois de ter perdido o meu tempo, ter gasto com TED para envio do dinheiro para a conta da Avenue QUE JÁ TINHA SIDO APROVADA após análise dos documentos, recebi um email da senhora ANA COUTO, que se apresentou como representante das ""client Solutions"" , informando que receberam ""notificação"" de que eu não residia no Brasil e que não seria possível manter a minha conta, e me dando prazo para eu retirar o meu saldo da conta apartir da data do email, isso sem ao MENOS VERIFICAR se a informação procedia. Respondi novamente que, minha residência fiscal era no Brasil e que tb possuía residencia física, tanto no Brasil como em Portugal e, como forma de comprovação, enviei minha última declaração do imposto de renda junto com o respectivo recibo de entrega. A resposta da referida senhora foi simplesmente NENHUMA, simplesmente IGNOROU MEU EMAIL, mostranto a falta de respeito e de preparo para tratar com os clientes. Não me restando alternativa, resolvi retirar o meu saldo conforme DETERMINADO pela referida senhora e estou escolhendo outra corretora que saiba tratar melhor e com mais respeito os clientes. Além do prejúizo com taxas de TED, poderia ter tido prejúizos com o câmbio, caso tivesse efetuado a minha primeira remessa. Fica o alerta tanto para a empresa quanto para novos clientes.

André Arantes Burgos
CPF:*******

tel:(+351) 915 794 474",17/02/2023 às 09:59,Respondida,ID: 159527907,conta,https://www.reclameaqui.com.br/avenue-securities/empresa-desorganizada_Qc2lzSTWFLL9f2b8/
Bloqueio de conta indevida,"Segunda feira (13/02) fui acessar minha conta no app e estava bloqueada, entrei em contato, me disseram que um chamado foi aberto e que eu teria retorno em 1 dia útil, mas isso não aconteceu. Liguei na terça feira e me informaram novamente que me retornariam e na quarta nada do retorno, liguei e mesma resposta pela terceira vez. Hoje ainda sem retorno, liguei 2 vezes, na primeira o atendente disse q enviou uma petição para a equipe responsável realizar o desbloqueio e eu receberei um e-mail , mas não aconteceu como de costume. Resolvi ligar novamente às 18h40 e a informação que recebi foi que deveria ligar em horário comercial. É inadmissível que eu pague uma corretagem tão alta e tenha um atendimento tao péssimo como esse. Preciso que resolvam isso com urgência.",16/02/2023 às 19:48,Respondida,ID: 159505421,conta,https://www.reclameaqui.com.br/avenue-securities/bloqueio-de-conta-indevida_EpVH1fA2dSf7OJAs/
Cobrança de taxa por inatividade,"Hoje para minha surpresa recebi um e-mail dessa corretora me informando que meu saldo está negativo nesta corretora, por uma suposta taxa de inatividade, ocorre que pelo que eu li e tive acesso a cobrança realizada apenas enquanto a conta permanecer inativa e não haverá taxas sobre contas com total investido, que é o caso da minha conta!
Ainda fui ameaçado que caso não pague o valor em questão meus ativos serão vendidos e ainda haverá cobrança de mais uma taxa de US$ 25,00, o que é totalmente inadmissível e desproporcional.

Informo ainda que a empresa me enviou o e-mail já com data vencida, onde consta que devo regularizar a situação até 24.01.23, sendo certo que hoje é 16.02.23 e eu desconhecia totalmente tal contexto fático.

Portanto, houve falha na prestação do serviço por parte dessa instituição financeira, então solicito a imediata regularização dessa situação e que essa cobrança indevida seja estornada o mais breve possível e não mais o valor seja descontado de minha conta.

Caso não haja solução a empresa será acionada judicialmente e estarei encerrando minha conta!",16/02/2023 às 19:38,Respondida,ID: 159504833,cobrança,https://www.reclameaqui.com.br/avenue-securities/cobranca-de-taxa-por-inatividade_2l3i83Gojp0po_6u/
Problemas com operação de câmbio,"Boa tarde,
Possuo um saldo (em dólares) na minha conta, resultado de uma venda de ações, e preciso converter este valor em reais. Solicitei a conversão três vezes, seguindo as etapas passadas pelo atendimento, e, mesmo assim, a conversão não está sendo feita.
Preciso de uma solução.

Att",16/02/2023 às 13:27,Respondida,ID: 159477583,conta,https://www.reclameaqui.com.br/avenue-securities/problemas-com-operacao-de-cambio_IEGWAOjPXkmjhImp/
Recebi e-mail informando entrega de cartão e nunca tive nenhum contato com a empresa,"No dia 8/2/2023, recebi um e-mail enviado pelo sistema Flash de entrega (com domínio *******), de que meu cartão Avenue Card físico havia sido entregue. NUNCA tive nenhuma interação com essa empresa, muito menos o conhecimento de sua existência. Procurei contato com a empresa no WhatsApp através do número ******* confirme disposto no e-mail então recebido, solicitei a opção de falar com atendente, e até o momento não tive nenhum retorno. Solicito imediatamente o contato dessa empresa para esclarecimento desse cartão ""entregue"" que não chegou em meu endereço, e muito menos o solicitei anteriormente.",09/02/2023 às 15:02,Respondida,ID: 159051005,conta,https://www.reclameaqui.com.br/avenue-securities/recebi-e-mail-informando-entrega-de-cartao-e-nunca-tive-nenhum-contato-com_OI6WJjaCzDF_TTme/
EXECUÇÃO PARCIAL DE ORDEM COM COBRANÇA DE CORRETAGEM,"Efetuei em 24/02/23 uma ordem compra de 50 ações da KO (Coca Cola) no After Market, porém foram executadas apenas 12 e o restante foi cancelado. Ocorre que para uma execução de 724,20 dolares foram cobrados corretagem de 7,50 e ainda para vender será cobrado mais 7,50. Acredito que não deveria ter sido cobrado ou a ordem deveria ter ficado pendente para execução até o dia seguinte.  O que nos faz pensar se isso ocorre no periodo normal e o preço não volta mais aquele patamar termos de cancelar o restante da ordem a ainda temos que pagar novamente para compra do restante, visto que não existe opção para alterar ordem . Enfim terei de pagar 15,00 dolar para uma compra de 724,20 ou ter de esperar a ação subir 4 ou 5% para pelo menos não vender com prejuizo.",25/01/2023 às 11:05,Respondida,ID: 158097011,cobrança,https://www.reclameaqui.com.br/avenue-securities/execucao-parcial-de-ordem-com-cobranca-de-corretagem_pUXY-1OQVWOzADNV/
Avenue erro ao solicitar cambio real para dolar,"Realizei um Pix para a conta da Avenue e estou tentando fazer o Câmbio, porém o retorno é uma mensagem de erro:

error.CannotMove Money",24/01/2023 às 13:29,Respondida,ID: 158035611,conta,https://www.reclameaqui.com.br/avenue-securities/avenue-erro-ao-solicitar-cambio-real-para-dolar_eDeRiDG81GBQv8gQ/
Pix não localizado,"Nos últimos dias realizei 3 pix para minha conta:

Dia 21/01 - R$2600 e R$600,00

Dia 22/01 as 23h52 - R$600,00.

Os dois PIXs do dia 21 foram localizados, totalizando R$3100 de saldo em reais.

Por outro lado, o último PIX de 600,00 não foi.

Entrei em contato com o chat, enviando comprovante do pix e o extrato atestando as 3 saídas para chave pix da Avenue, sem sucesso.

Por segurança, acionei o Banco do Brasil, que confirmou que o pix foi devidamente processado conforme atestado no comprovante enviado.

",23/01/2023 às 19:25,Respondida,ID: 157987351,conta,https://www.reclameaqui.com.br/avenue-securities/pix-nao-localizado_897-sRilY9BtA7DS/
Exclusão de dados,"Recentemente fui vítima de um [Editado pelo Reclame Aqui] em um banco digital que não utilizava há tempos. Diante disso desejo a exclusão de todos os meus dados vinculados a essa empresa para evitar problemas futuros.

Att.",23/01/2023 às 19:18,Respondida,ID: 157986783,conta,https://www.reclameaqui.com.br/avenue-securities/exclusao-de-dados_kE8aW0ZZdHIC21-x/
Não consigo sacar dinheiro,"Primeiramente, fiquei com saldo negativo na conta, por questão de ""inatividade"", a qual achei ridículo. Por tal motivo, decidi sair desta corretora e utilizar outra. Entretanto, não estou conseguindo retirar meu dinheiro mesmo tendo vendido minha ação e o saldo aparecendo na minha conta americana. Não consigo converter para reais, e nem enviar para uma outra conta americana.",23/01/2023 às 15:33,Respondida,ID: 157967343,conta,https://www.reclameaqui.com.br/avenue-securities/nao-consigo-sacar-dinheiro_a6yUlhvIwGOeaJKd/
Exigência absurda para acessar relatórios de rendimentos,"Tenho conta na Avenue há 3 anos. Lá no início, alguns ativos foram transferido da DW para a Avenue, ativos os quais eu nem tenho mais. Durante todos esses anos recebi normalmente meus informes mensais e anual de rendimentos. Todos os ativos que tenho hoje foram adquiridos na Avenue, ou seja, não vierem de outra corretora. Até o ano a passado tudo estava certo. Mas agora não consigo mais acessar os informes porque aparece uma tela com a relação de TODOS os meus ativos, com campos para que eu preencha a data de aquisição de cada um, o preço médio e a porcentagem da moeda utilizada. Ora, eu não tenho essas informações, pois elas são fornecidas pela própria Avenue, sendo um dos motivos que me levou a abrir conta. Ademais, como colocar uma data única de aquisição para cada ativo se eles foram adquiridos em várias datas diferentes? Eu entrei no chat e pedi ajuda explicando a situação. O atendente disse que não podia fazer nada e me orientou a abrir 3 anos de notas de corretagem para tabular todos os dados e preencher a tabela exigida!!!! Que absurdo. Perder horas para calcular preço médio das ações que a própria Avenue dispõe! Solicito urgentemente a liberação dos meus informes como funcionava até o mês passado.
É a segunda reclamação aqui sobre o mesmo fato. Como da primeira vez a corretora entrou em contato comigo e disse que ia resolver, mas não resolveu até agora, e não responde mais, faço essa nova reclamação, cada vez mais indignado com a falta de vontade em resolver o problema do cliente.",23/01/2023 às 15:23,Respondida,ID: 157966331,conta,https://www.reclameaqui.com.br/avenue-securities/exigencia-absurda-para-acessar-relatorios-de-rendimentos_MsTGb5GXyACekpTA/
Não tenho acesso a minha conta Avenue,"Recentemente pedi para a Avenue alterar meu número de telefone, eles entraram em contato comigo e acho que erraram algum dígito pois sigo sem acesso a minha conta. Podem avaliar? Meu número: +*******9",22/01/2023 às 20:34,Respondida,ID: 157917581,conta,https://www.reclameaqui.com.br/avenue-securities/nao-tenho-acesso-a-minha-conta-avenue_Z1WGbTTdW167kzl-/
"Gostaria de alterar o numero do meu celular, moro fora do Brasil","Gostaria de alterar o numero do meu celular, moro fora do Brasil.

Meu numero: +*******9",20/01/2023 às 14:47,Respondida,ID: 157831575,cobrança,https://www.reclameaqui.com.br/avenue-securities/gostaria-de-alterar-o-numero-do-meu-celular-moro-fora-do-brasil_4Bl0DpahPIu1p64F/
RETIRAR DADOS DO REGISTRATO 13.059.145,"Solicitei sob o protocolo 01268479 a exclusão dos meu dados através do encerramento da conta, que está constando na relação do Banco Central.

Quero saber o prazo para que seja concluída, obrigado!",19/01/2023 às 11:02,Respondida,ID: 157743821,conta,https://www.reclameaqui.com.br/avenue-securities/retirar-dados-do-registrato-13-059-145_WBhJhbUvaSbA2c_V/
Dinheiro depositado e não consigo fazer cambio ou sacar,"Transferi dinheiro ontem e ontem mesmo tentei fazer cambio que foi rejeitado por causa do horário. Até ai tudo bem.
Só que hoje fui tentar fazer cambio e mesmo com saldo, não dá certo. Tentei sacar também, as sem sucesso.
Atendimento da empresa para esses problema é péssimo. Chat só vem com perguntas automáticas e fica impossível resolver o problema,

",18/01/2023 às 16:31,Respondida,ID: 157699509,conta,https://www.reclameaqui.com.br/avenue-securities/dinheiro-depositado-e-nao-consigo-fazer-cambio-ou-sacar_pn1Kxe2d8yOPkdzI/
Nao consigo encerrar minha conta,"Ja solicitei diversas vezes pelo app, onde dizem que o encerramento seria processado em até 7 dias, porém NUNCA obtive resposta. Desejo o encerramento imediato.",18/01/2023 às 09:27,Respondida,ID: 157661147,conta,https://www.reclameaqui.com.br/avenue-securities/nao-consigo-encerrar-minha-conta_ie64VoH8cmOD83jO/
Não consigo retirar meu dinheiro,"Diante das altas taxas tanto de inatividade quanto de quantidade mínima de movimentação quero retirar todo meu dinheiro e encerrar minha conta. Porem, tenho pequenas quantidades em algumas ações. Esse dinheiro está praticamente preso lá, pois o mínimo para fazer a venda é de 5 dólares. Alem disso, meu patrimônio em dólares não está disponível para câmbio",17/01/2023 às 14:12,Respondida,ID: 157611215,dinheiro,https://www.reclameaqui.com.br/avenue-securities/nao-consigo-retirar-meu-dinheiro_1hvlovtoOj6PxImJ/
Falha na Plataforma = Taxa de Cambio expressa.,"Boa Noite Avenue  Nesta segunda as 10hs fui comprar dólar (depois de muitos meses) sem mexer reparei nas divisões de câmbio e o novo layout explicando IOF eas modalidades. Atentamente fui realizar o cambio D+1 pra Terça ja que o intuito era apenas aproveitar a queda e fazer reserva de dolar. Após eu finalizar a operação me vem a notificação de que estamos concluindo sua operação e logo em seguida o dinheiro  ja estava na conta.Chat ninguém  responde, direciona para atendente, dentro do horário estipulado por vocês e por pelo menos em 2x horarios diferentes. Resumindo não vou ficar com esse prejuizo de quase  50 reais.  Podem cancelar  essa operação Volte para Real ou o que acharem mais adequado.",16/01/2023 às 23:26,Respondida,ID: 157571355,dinheiro,https://www.reclameaqui.com.br/avenue-securities/falha-na-plataforma-taxa-de-cambio-expressa_NS4YxtXfktr2wfgu/
A avenue está cobrando taxas por inatividade,"A corretora Avenue está cobrando taxas absurdas por inatividade, e nem avisa no app, só por email . Além disso, eles aumentaram pra R$ 200 o valor mínimo de câmbio pra converter reais pra dólar, antes o limite mínimo era de R$ 0,50 . Avenue também diminuiu a quantidade de corretagens grátis de 10 pra 3. ",16/01/2023 às 19:54,Respondida,ID: 157559077,cobrança,https://www.reclameaqui.com.br/avenue-securities/a-avenue-esta-cobrando-taxas-por-inatividade_5tQg6UWGlkwuAgK7/
Não recebi meus dividendos,"Comprei MPW na DATAEX (07/12/22) com a finalidade de receber os dividendos da mesma, e não se concretizou, deveriam ter sido pagos em (12/01/23) mas nem sinal disso tive em minha conta. Gostaria de reportar que o contato via chat também está horrível.",16/01/2023 às 12:30,Respondida,ID: 157518945,conta,https://www.reclameaqui.com.br/avenue-securities/nao-recebi-meus-dividendos_f4LqIWDcUghSZzMu/
Encerrar conta,"Boa tarde, não estou conseguindo encerrar minha conta na Corretora Avenue já tentei pelo app, e pelo telefone informado (0800 760 0303) mais está dizendo que esse número não existe.",16/01/2023 às 11:33,Respondida,ID: 157513085,conta,https://www.reclameaqui.com.br/avenue-securities/encerrar-conta_yg1oGeXOOhJJ9vdt/
Problemas com Retirada de valores,"Solicitei uma retirada de saldo para outra conta bancária mas, ao realizar a operação vi que tinha digitado de forma incorreta minha conta destino. No entanto, a operação foi finalizada no app da Avenue e não sei para onde vai/foi o dinheiro. Tento contato com o suporte e o chatbot não me direciona para o atendimento humano por nada, somente informa os horários disponíveis para suporte",16/01/2023 às 10:57,Respondida,ID: 157508945,conta,https://www.reclameaqui.com.br/avenue-securities/problemas-com-retirada-de-valores_skIdlUTHxpV8FyFC/
DIMINUIÇÃO | 10 ORDENS PARA 3 | TAXA DE INATIVIDADE | AUMENTO TAXA DE CORRETAGEM,"Nao acredito que mudaram de 10 ordens gratuitas aos mês para apenas 3!!!! Infelizmente em pouco tempo realizarei saques de todos meus ativos com vocês, não é possível diminuirem em 70% a qtde de orden e ainda aumentarem em 150% a taxa de corretagem (U$1 = > U$2.50) Erraram e feio nisto, já não basta a dificuldade que nós enfretamos para investir no Brasil, o que vocês tinham de diferencial para nos ajudar se perdeu :/
Fora que cobraram taxa de inatividade.. O QUE FIZERAM COM VOCÊS.
Decepcionado com vocês demais!!!",12/08/2022 às 11:15,Respondida,ID: 148386899,cobrança,https://www.reclameaqui.com.br/avenue-securities/diminuicao-10-ordens-para-3-taxa-de-inatividade-aumento-taxa-de-corre_MIzzZsaIj93VVG2j/
Emissão do cartão de débito absurdo,"Solicitei o cartão de débito da Avenue o qual está para chegar amanhã, de acordo com o rastreio*******8. Embora eu goste muita da empresa, nunca tive problemas, não posso deixar de mencionar minha indignação com o valor cobrado para termos este cartão. Por mais que eu pense, não tem como cobrar o valor de quase 35 dólares, isso é absurdo. Não sei direito quanto aos outros concorrentes, mas tenho quase certeza que não é esse valor todo. Já fiz encomendas através de redirecionadoras, pagas inclusive com a Avenue, e sei que o envio de um cartão tão leve não deveria nem chegar em 15 dólares. ",12/08/2022 às 09:26,Respondida,ID: 148378197,conta,https://www.reclameaqui.com.br/avenue-securities/emissao-do-cartao-de-debito-absurdo_jjSFvz1m1lkONjBo/
Saldo negativo ???,Baixei o aplicativo aqui pra dar uma analisada e vi que minha conta está com saldo negativo de 50 centavos ? Quero saber o por que disso ?,11/08/2022 às 18:14,Respondida,ID: 148352681,conta,https://www.reclameaqui.com.br/avenue-securities/saldo-negativo_gVBKuq1eol0K9MW2/
Redução de quantidade de corretagem gratuita e aumento de taxa,"Sempre utilizei a Avenue pela facilidade na declaração do IR e utilização do app, mesmo pagando uma taxa de spread acima da média (onde nem se quer temos uma taxa fixa, a taxa é variavel e é extremamente dificil saber o quanto de spread estamos pagando).

Mas agora, de uma hora para a outra, reduziuram de uma vez só a quantidade de corretagem gratuitas de 10 para 3 (redução de 70%), aumentaram a taxa de USD$1,00 para USD$2,50 além da adição de taxa de inatividade. Fui checar se havia algum aviso prévio em meu email (inbox e caixa de spam) ou push do app e encontrei apenas um documento avisando sobre a taxa de inatividade, mas nada sobre a redução das corretagens gratuitas.

Infelizmente está cada dia mais dificil seguir com a Avenue. Sugiro a pesquisa de outras corretoras que estão aderindo ao movimento e possuem taxas e spreads mais baixos. Uma vez que o mercado está se tornando mais competitivo temos que deixar de lado quem rema contra a maré. (Opções: XP Internacional, Banco Inter, Warren que lançará a função internacional logo mais, Interactive Brokers para quem fala inglês)

Deixo aqui fatos. Fora isso nunca tive problemas com a corretora.",11/08/2022 às 10:10,Respondida,ID: 148314989,cobrança,https://www.reclameaqui.com.br/avenue-securities/reducao-de-quantidade-de-corretagem-gratuita-e-aumento-de-taxa_6b_iVh9GViPqgBQc/
Alteração da tabela de custos sem as devidas notificações,"Alteraram a taxação e só enviaram uma notificação por email que cai no spam, porém a news deles cai na caixa principal, só a tabela de custo que caiu no spam, no mínimo curioso, não acham? Agora se vc ficar 3 meses sem movimentar a sua conta eles vão simplesmente comer 0,50 centavos de dolar da sua conta de investimentos. Nada a ver",10/08/2022 às 15:57,Respondida,ID: 148275545,dinheiro,https://www.reclameaqui.com.br/avenue-securities/alteracao-da-tabela-de-custos-sem-as-devidas-notificacoes_ZGTPzxDyFXTm1P-g/
"cobrança da emissao do cartao de debito internacional absurda, todos os outros concorrentes nao cobram por essa emissao!!","cobrança da emissao do cartao de debito internacional absurda, todos os outros concorrentes nao cobram por essa emissao!!",10/08/2022 às 10:40,Respondida,ID: 148249149,cobrança,https://www.reclameaqui.com.br/avenue-securities/cobranca-da-emissao-do-cartao-de-debito-internacional-absurda-todos-os-out_flhfTO1w3aQsY1tN/
Mudança repentina na proposta da empresa,"A Avenue se vendeu muito bem como uma corretora feita para brasileiros, uma corretora com taxas gratuitas (mesmo tendo um limite de 10 por mes) e tem um bom serviço, mesmo que seja a pior taxa de spread do mercado.
Mas agora (talvez por influencia do novo acionista) reduziu de uma só vez a quantidade de corretagem para 3, aumentou a taxa de USD$1,00 para USD$2,50 (250% do valor anterior) para corretagem de baixo valor e agora colocam uma taxa para aqueles que não movimentarem no mês.
É um absurdo isso com os pequenos investidores.
Já estou pesquisando novas corretoras e irei pagar os ABSURDOS USD$75,00 para fazer a transferência de custódia das minhas ações porque a empresa simplesmente quis virar OUTRA COISA de uma hora pra outra.
Se querem ficar só com os grandes investidores vocês tem o direito sim como empresa, façam o que quiser, mas pelo menos poderiam dar um aviso prévio.
Não estou aqui pedindo resposta de nada, não precisam se dar esse trabalho. Só estou registrando minha reclamação e quero que outras pessoal possam ver isso e não cair na mesma situação que eu e muitos outros pequenos investidores.",09/08/2022 às 20:00,Respondida,ID: 148221951,cobrança,https://www.reclameaqui.com.br/avenue-securities/mudanca-repentina-na-proposta-da-empresa_HXsBBvJupQLoGfLI/
Cobrança duplicada - atendimento ruim - viagem exterior,"Pessoal, dividindo com vocês um péssima experiência que tive com eles quando estava viajando para fora do país. Era meu único cartão que tinha habilitado para utilizar na viagem e dinheiro em espécie.

No primeiro dia útil do mês de Agosto, vi que o valor do hotel foi cobrado duas vezes o que acabou negativando a minha conta e estaria contando com aquele valor para utilizar em minha viagem, que chegava ao fim.

Acabou que isso aconteceu no dia 01 de Agosto, tive que ativar outros cartões e pedi dinheiro emprestado, já que no dia 03 de Agosto estava voltando para o Brasil.

Mesmo entrando em contato inúmeras vezes, o banco não se mostrou preocupado. Quase perdi meu voo, pois não tinha dinheiro para fechar a conta e pagar o transfer para cidade que ia pegar o avião para o Brasil.

Estou até agora com a minha conta negativada, sendo que já enviei os comprovantes e provas solicitadas assim que eles me pediram (isso foi no dia 03 de Agosto). Enviei dados demonstrando que a máquina e o banco do hotel só constaram um valor apenas, sendo erro exclusivamente de sistema da Avenue.

Pessoal, eu estou bem insatisfeito e irei buscar amparos legais para cuidar dessa questão para mim. Isso nunca aconteceu comigo e penso em trocar por um outro banco concorrente, C6 Bank ou Nomad.

Por coincidência encontrei um piloto que utiliza Nomad e ele me informou que o atendimento é diferenciado, eles consideram se o cliente está em viagem e o grau de urgência. Até mesmo liberar um valor emergencial para ser utilizado até a questão ser resolvida.

Enfim, gostava do cartão e até fazia investimento com eles mas não penso em colocar dinheiro nele sabendo desse destrato e dessa falha de duplicidade.",09/08/2022 às 11:47,Respondida,ID: 148183737,cobrança,https://www.reclameaqui.com.br/avenue-securities/cobranca-duplicada-atendimento-ruim-viagem-exterior_SXGdv5LpmjI8RQkc/
Não respondem o chat. Impossível falar com atendente!,"Estou tentando contatar algum atendente da Avenue pelo chat mas é uma árdua missão. Não tem nada avisando q em breve o atendimento será feito, fila de espera ou algo parecido. Aparece apenas uma mensagem automática para voltar pro chat quando sai do aplicativo.
O atendimento já foi bom bem no início desta corretora. Mas hoje em dia é só propaganda enganosa e atendimento péssimo. Abram o olho Avenue, a concorrência está aí. Já não bastasse reduzir as corretagens de 10 para 3. Um atendimento ruim desse certamente haverá debandada de clientes.",09/08/2022 às 11:34,Respondida,ID: 148182431,dinheiro,https://www.reclameaqui.com.br/avenue-securities/nao-respondem-o-chat-impossivel-falar-com-atendente_NHwcmjl8iBtRvWbM/
Taxa de inatividade retroativa.,"Recebi um email sobre os novos termos da Avenue sobre uma nova taxa de inatividade que seria cobrada caso a conta nao fosse movimentada por 3 meses. Porém, após o comunicado, não se iniciou dali a contagem e sim, de forma retroativa, para que o tempo (anterior à mudança) fosse usado para a cobrança. Eu estava pensando em fazer novos aportes e fui surpreendido com essa cobrança.

Um erro grave pois o Banco Inter e muitas outras concorrentes estão oferecendo taxa zero e não estão cobrando tal taxa.

Peço que a empresa reavalie e estorne os US$ 0.50 pois tenho interesse em continuar com a Avenue.",08/08/2022 às 23:54,Respondida,ID: 148160069,cobrança,https://www.reclameaqui.com.br/avenue-securities/taxa-de-inatividade-retroativa_Ne_nSqX8lQbLInGj/
Diminuição no numero de corretagens grátis é um absurdo!,Diminuiram as corretagem grátis de 10 para 3. isso é muito pouco!! Estou pensando seriamente em retirar meu capital dessa empresa. Gostaria de um ajuste na minha conta.,08/08/2022 às 14:02,Respondida,ID: 148120109,cobrança,https://www.reclameaqui.com.br/avenue-securities/diminuicao-no-numero-de-corretagens-gratis-e-um-absurdo_ErUsyqyYZqfDIQcF/
"propaganda enganosa: Alteração de ordens grátis de 10 para 3, sem aviso no app e com divergência de informação","Alteração das ordens grátis reduzindo de 10 para 3 por mês. Não recebi avisos oficiais. Olhando a página do app ainda consta como benefício de 10, ou seja, tem duas informações divergentes (propaganda enganosa) e prejudica o consumidor (C.D.C)

Segue print anexo para comprovar informação acima.
Vou acionar o procon caso não mantenham o valor ofertado durante abertura de minha conta.",08/08/2022 às 17:36,Respondida,ID: 148138287,conta,https://www.reclameaqui.com.br/avenue-securities/propaganda-enganosa-alteracao-de-ordens-gratis-de-10-para-3-sem-aviso-no_Shae_urvjLcqSzHl/
Não consigo atendimento para acesso ao app,"Boa tarde,

Não consigo recuperar o acesso à minha conta. Troquei de telefone e troquei de número de celular. Sei as credenciais de login e senha, porém não consigo autenticar o novo aparelho.

Não consigo ser atendido pelo suporte e não encontro forma de recuperar o acesso.

Me chamo *******, CPF *******.

Aguardo.",08/08/2022 às 13:55,Respondida,ID: 148119439,conta,https://www.reclameaqui.com.br/avenue-securities/nao-consigo-atendimento-para-acesso-ao-app_54Wj0OAMnM2dYNRy/
Cancelar conta," E eu estou tentando efetuar o cancelamento da minha conta na Avenue, no aplicativo,  no chat não tem essa opção e o jeito é tentar por aqui.Eu não tenho intenção de continuar e gostaria de cancelar.",07/08/2022 às 08:30,Respondida,ID: 148064515,conta,https://www.reclameaqui.com.br/avenue-securities/cancelar-conta_ge8hyRRKuG9yyioF/
Atendimento Avenue - demorado e nao resolvem o problema,"Fiquei por quase MEIA HORA esperando o atendente da Avenue (Leonam) para ele me dizer que nao seria com ele, e eu seria transferido. Resumindo: corretagem mais cara do mercado (nao informando o porque nao estarem fornecendo 3 mensais sem custos adicionais - conforme informado anteriormente) e sem resposta nenhuma - somente procrastinação e total descaso com o cliente.
Procurem OUTRA corretora que atenda melhor seus clientes....",08/08/2022 às 12:04,Respondida,ID: 148110007,dinheiro,https://www.reclameaqui.com.br/avenue-securities/atendimento-avenue-demorado-e-nao-resolvem-o-problema_O_re7tk1q3LjmUqL/
"Transferi o dinheiro para minha conta, aparece como liquidado mas não foi.","Fiz a transferência da Avenue para meu banco Itaú no dia 04/07/2022 e a data de liquidação estava para o mesmo dia, hoje já é dia 06 e o dinheiro não foi transferido para minha conta. Aguardo solução urgente.",06/08/2022 às 08:31,Respondida,ID: 148033341,dinheiro,https://www.reclameaqui.com.br/avenue-securities/transferi-o-dinheiro-para-minha-conta-aparece-como-liquidado-mas-nao-foi_SisC5DgOGhyV3f4G/
Taxa de inatividade..,"No dia 02/08/2022, entrei em contato pelo atendimento via chat, argumentando quando a tal taxa de inatividade iria começar a ser cobrada. A resposta do atendente Pedro foi: - o aviso entrou em vigor no dia 04/07/2022, a partir do primeiro dia útil de Outubro irá incidir a cobrança de taxas; a taxa de inatividade a partir de Outubro ficará mensal. - Pois bem, como pretendo encerrar a conta na Avenue devido a nova tabela de custos by Itaú, que inclui essa nova taxa, entrei em contato justamente para saber até quando poderia esperar para liquidar os ativos e assim retirar todo o dinheiro. A data dita pelo atendente foi a partir de Outubro, e não Agosto. Hoje, dia 07/08/2022, ao acessar minha conta, vejo que a Avenue já descontou a taxa de inatividade no valor de $0,50 no dia 03/08/2022. Venho através do ReclameAqui, solicitar o estorno desse valor cobrado indevidamente, já que com base na informação passada pelo atendimento via chat do atendente Pedro, deveria ocorrer somente em Outubro. (Segue PRINTS). Obs. O e-mail do no cadastro do ReclameAqui é diferente do cadastro da Avenue. ",07/08/2022 às 02:43,Respondida,ID: 148063047,cobrança,https://www.reclameaqui.com.br/avenue-securities/taxa-de-inatividade_cCW2Q47SejXUvlMg/
Taxa  de inatividade,"Dia 04/07 recebi um e-mail informando sobre mudanças na tabela de preços que entraria em vigor dia 27/07. Inconformado com a cobrança por inatividade, entrei em contato pelo chat, questionando se os 90 dias começariam a valer após o dia 27/07, que entraria em vigor a nova política de custos. O atendente me informou que sim. Já estava fazendo meus planos para novos aportes esses mês, quando me deparei que dia 03/08 já descontaram os 0,50USS por taxa de inatividade. Se a política entrou em vigor no dia 27/07, como podem fazer as datas valerem de forma retroativa?  Solicitio o estorno do valor cobrado de forma indevida. ",05/08/2022 às 16:43,Respondida,ID: 148010987,cobrança,https://www.reclameaqui.com.br/avenue-securities/taxa-de-inatividade_pyD3h7ucx_pHl03I/
Péssimo atendimento do Mateus na Avenue,"Liguei para Avenue hj e fui atendida pelo Mateus, para saber pq estavam me cobrando corretagem numa operação sendo que tínhamos 10 corretagens gratuitas por mês e eu ainda tinha usado apenas 3. Para minha surpresa ele me informou que desde julho eles tinham diminuído de 10 gratuitas por mês para 3gratuitas por mês e qdo fui questionar o motivo , ele simplesmente desligou na minha cara.
Impressionada com o péssimo atendimento, quem vê pensa que eles são os únicos no mercado. Nota zero , Mateus! Vc tem muita que aprender de educação e de atender bem os clientes, af8nal somos nós que pagamos seu salário, não se esqueça disso.",05/08/2022 às 14:17,Respondida,ID: 148001319,dinheiro,https://www.reclameaqui.com.br/avenue-securities/pessimo-atendimento-do-mateus-na-avenue_WhkAEvpZcR8nveLb/
Cobranca retroativa a partir de novas regras,"Quer saber se uma empresa e boa, espera ate precisar resolver algum problema com ela! A Avenue mudou suas politicas e com isso novas taxas serao cobradas! Ate ai tudo bem, porque cada empresa faz oque acha melhor, porem , mudar as regras e comecar a contar antes da mudanca das taxas sem dar tempo do usuario se preparar para sair da corretora,e ainda cobrar o usuario de todas as formas nao da!
Se fico pago taxa, se transfiro para outra corretora pago taxa(quase 100 dolares) , se vendo fico no prejuizo porque o mercado esta ruim! ou seja , sou onerado de todas as formas, e a empresa ainda manda um comunicado informando prazos e nao cumpre oque esta nele, ligo para explicar e resolver ainda tenho quer ouvir esta la no contrato mas nao e oque esta la??? tem la na nota de aviso, mas nao e oque esta la e pronto vai pagar a taxa e acabou! essa foi a tratativa da avenue.
Agora me cobram taxas, nao respeitam nem o informe que enviam, e consideram oque ja foi no passado pra cobrar o agora que foi mudado! algo totalmente sem logica alguma.

",05/08/2022 às 09:27,Respondida,ID: 147980337,dinheiro,https://www.reclameaqui.com.br/avenue-securities/cobranca-retroativa-a-partir-de-novas-regras_6BXOY2gUe1PM0kEP/